GENE	Screen_1	Screen_2	Screen_3	Screen_4
Gene1	9.74e-13	1.13	1.12	3.76e-08
Gene2	1.05	0.796	1.1	1.02e-12
Gene3	1.05	0.992	0.0089	8.52e-08
Gene4	1.02	1.04	2.35e-07	0.0083
Gene5	1.02	0.435	1.12	0.00217
Gene6	0.00308	1.13	1.11	1.08
Gene7	0.0743	1.14	0.00333	3.52e-18
Gene8	1	0.987	1.13	0.00874
Gene9	1.05	0.983	0.671	5.47e-05
Gene10	1.03	1.14	0.99	0.00912
Gene11	1.01	1.16	0.000245	5.4e-05
Gene12	1.65e-25	1.13	1.09	1.04
Gene13	0.00444	2.52e-11	6.78e-06	1.07
Gene14	0.998	1.04	0.88	2.98e-09
Gene15	1.05	1.09	0.763	1.27e-06
Gene16	0.407	1.15	1.2e-28	5.63e-30
Gene17	3.92e-26	0.986	1	0.891
Gene18	1.03	0.991	4.04e-05	0.00324
Gene19	1.04	0.977	0.987	3.68e-12
Gene20	1.04	1.17	0.653	4.19e-08
Gene21	1.05	0.982	1.02	0.000124
Gene22	0.996	0.023	4.43e-10	2.51e-17
Gene23	1.01	0.946	1.13	0.00807
Gene24	1.05	0.287	1.13	0.0046
Gene25	0.996	1.16	0.869	0.000183
Gene26	0.996	1.18	0.394	5.72e-05
Gene27	9.22e-13	1.16	0.997	1.01
Gene28	1.64e-10	1.13	1.06	1.04
Gene29	1.04	0.456	3.18e-09	3.53e-06
Gene30	0.00306	0.142	0.000527	0.0853
Gene31	0.999	1.16	1.08	0.0025
Gene32	5.99e-23	1.08	1.09	1.02
Gene33	NA	1.07	NA	NA
Gene34	0.996	0.98	1.02	0.989
Gene35	1.02	0.985	1.06	1.01
Gene36	0.994	1.04	0.988	0.995
Gene37	0.996	0.978	0.991	1.04
Gene38	0.991	1.1	1.11	0.996
Gene39	1.05	1.18	0.981	0.99
Gene40	1.02	0.991	1.05	0.994
Gene41	1.05	1.01	1.02	1
Gene42	0.377	1.09	1.13	1.05
Gene43	0.992	1.11	1.07	1
Gene44	1	1.02	0.982	1.04
Gene45	1.01	1.1	1.02	1.08
Gene46	0.997	0.989	1.01	1
Gene47	1.04	1.02	1.02	1.02
Gene48	0.994	0.976	1.13	0.996
Gene49	1.02	0.979	0.999	1.02
Gene50	1.01	0.983	1.12	1.02
Gene51	1	1.12	1.11	1.07
Gene52	1	1.13	0.997	0.997
Gene53	1.02	0.986	0.981	1.02
Gene54	0.994	1.12	1.01	1
Gene55	1.05	1.09	1.12	0.991
Gene56	1.05	1.08	1.09	1.04
Gene57	0.53	0.993	1.1	1.08
Gene58	1.04	1.17	1.06	1.04
Gene59	NA	1.17	0.995	1.03
Gene60	0.993	0.998	1	0.992
Gene61	1.05	1.17	0.991	1.01
Gene62	1.01	0.988	0.988	1.03
Gene63	1.02	1.03	1.01	1.07
Gene64	1.02	1.08	1.08	0.991
Gene65	0.992	0.984	0.983	1.05
Gene66	1.04	1.18	1	0.99
Gene67	1.02	1.09	0.998	1.02
Gene68	0.992	1.03	NA	NA
Gene69	1	1.01	1.1	1.06
Gene70	1.01	1.09	1.06	1.07
Gene71	1.03	1.09	1.09	1.05
Gene72	1.01	1.13	0.983	1.02
Gene73	0.998	0.978	1.05	1.01
Gene74	0.994	0.991	1	0.991
Gene75	1.04	1.01	0.985	1.03
Gene76	1.04	1.14	1.07	1.07
Gene77	1.05	0.978	0.986	1.02
Gene78	1.02	1.08	1.05	1.01
Gene79	1.06	1.15	1.08	0.996
Gene80	1.01	1.01	0.999	1.09
Gene81	1.03	0.986	1.02	1.05
Gene82	0.999	1.09	1.04	1.07
Gene83	0.995	1.16	1	1.05
Gene84	1.03	0.982	1.03	1
Gene85	1.05	1.09	1.07	0.995
Gene86	1.05	1	NA	NA
Gene87	1.01	1.18	0.983	1.03
Gene88	0.995	1.03	0.983	1.06
Gene89	NA	1.06	NA	NA
Gene90	1.06	1.06	0.983	1.02
Gene91	1.02	1.01	1.01	1.04
Gene92	0.994	0.982	0.981	0.997
Gene93	1.03	1.06	0.983	1.02
Gene94	0.991	1.06	1.02	1.07
Gene95	1.03	0.978	1.07	0.997
Gene96	1	1.1	0.983	1.06
Gene97	1.01	0.991	1	1.06
Gene98	1.03	0.981	1.02	1.07
Gene99	0.952	1.06	0.994	0.998
Gene100	1.03	1.02	0.982	1
Gene101	1.02	1.02	1.11	1
Gene102	1.05	1.04	1.02	1.05
Gene103	0.991	0.98	1.07	1.05
Gene104	1.02	0.992	1.03	1.02
Gene105	1.05	1.02	1.04	1.03
Gene106	1.05	1.04	1.08	1.09
Gene107	0.992	1.16	1.13	0.846
Gene108	0.999	1.01	1.13	1
Gene109	0.992	1.13	0.981	0.993
Gene110	0.996	1.02	1.13	1.06
Gene111	0.993	0.978	0.982	0.991
Gene112	0.993	1	1.01	0.991
Gene113	0.992	1.08	1.04	1.01
Gene114	1.03	1.06	0.984	0.992
Gene115	1.03	1.04	1.06	1.06
Gene116	0.994	0.989	1.01	1.01
Gene117	0.991	0.981	0.981	0.994
Gene118	1.01	1.02	1.01	1.07
Gene119	0.993	1.08	1.06	1.01
Gene120	1.01	1.06	1.08	1.09
Gene121	0.645	1.07	1.09	1.02
Gene122	1.04	1.13	0.983	1.01
Gene123	0.992	1.13	1.03	1
Gene124	0.994	1.01	1.09	0.994
Gene125	0.998	0.991	1.14	0.994
Gene126	1.04	1.09	0.974	1.02
Gene127	0.992	0.991	0.992	0.999
Gene128	1	0.983	1.04	1.07
Gene129	0.994	1.04	0.988	1.05
Gene130	0.881	0.983	0.998	1.03
Gene131	0.508	1.05	1	1.06
Gene132	1.03	1.03	1.03	1.04
Gene133	0.996	1.16	1.01	1.09
Gene134	1.05	0.991	0.987	0.99
Gene135	0.582	1.06	1.14	1.08
Gene136	1.02	1.14	1.12	1.08
Gene137	1.05	0.981	1.06	0.99
Gene138	1.05	1.13	1.11	0.998
Gene139	0.992	1	1.01	1.02
Gene140	1.05	0.998	1.12	1.01
Gene141	0.996	0.983	1.09	1
Gene142	0.997	0.984	1.14	1.02
Gene143	1.03	1.13	0.983	1.05
Gene144	0.994	0.979	1.05	1.03
Gene145	0.998	1	1.06	1.06
Gene146	1.01	1.12	1.07	1.03
Gene147	0.994	1.17	1.06	0.994
Gene148	0.994	1.17	1.09	0.991
Gene149	1.06	0.98	0.983	0.989
Gene150	1.02	0.996	1.13	1.05
Gene151	1.05	1.02	1.07	1.02
Gene152	1	1.06	1.01	1
Gene153	0.996	0.985	1.1	1.04
Gene154	0.995	1.1	1.12	0.764
Gene155	1.04	1.15	1.08	0.979
Gene156	1.02	1.01	0.981	1.01
Gene157	1.05	1.03	0.999	1.03
Gene158	1.05	1.15	0.988	1.02
Gene159	1.05	1.02	1.04	1.01
Gene160	0.997	0.986	1.13	0.972
Gene161	1.02	1.03	0.981	0.994
Gene162	1.02	1.02	0.996	0.989
Gene163	1.05	0.986	1.12	1.04
Gene164	1.02	1.06	1.12	1.06
Gene165	1.05	0.98	1.09	1.05
Gene166	0.998	1.09	0.998	1.07
Gene167	0.997	0.988	1.1	1.03
Gene168	0.997	0.985	0.999	1.02
Gene169	1.04	1.09	0.981	1
Gene170	0.998	1.13	1.11	1.01
Gene171	NA	0.994	NA	NA
Gene172	1.05	1.11	0.982	1
Gene173	0.992	0.979	1.01	0.989
Gene174	1.04	1.04	1.09	1.03
Gene175	0.995	1.04	1.08	0.99
Gene176	1.01	0.977	1.12	1.05
Gene177	1.05	1.16	1.12	1.07
Gene178	1.03	1.03	0.986	1.06
Gene179	1.02	1.03	1.08	0.991
Gene180	0.977	1.17	0.991	0.992
Gene181	1.05	1.14	1.13	1.06
Gene182	1.01	1.13	1.01	1.04
Gene183	1.05	1.14	1.01	1.06
Gene184	1.02	0.981	1.13	0.996
Gene185	1.05	1.06	1	1.07
Gene186	1.05	1.03	1.06	1.08
Gene187	NA	1.09	1.12	1.09
Gene188	1.01	0.978	0.999	0.994
Gene189	1.05	1.03	1.13	1.09
Gene190	1	1.12	0.998	0.991
Gene191	1.05	1.13	1.04	0.994
Gene192	1.04	1.03	1.05	1.02
Gene193	0.995	1.14	NA	NA
Gene194	0.998	0.978	0.995	1.07
Gene195	0.993	1.14	0.982	1.01
Gene196	1.05	1.06	1.08	1.07
Gene197	1	1.06	1.05	1.08
Gene198	1.02	0.977	1.06	0.99
Gene199	1.03	1.05	NA	NA
Gene200	1.02	0.983	0.996	1
Gene201	1.04	0.985	1.06	1.04
Gene202	0.996	1.13	1.12	0.992
Gene203	NA	1.09	NA	NA
Gene204	1	1.04	0.997	1.01
Gene205	0.996	1.11	0.994	0.995
Gene206	1.02	1.1	1.12	1.01
Gene207	1.02	1.05	0.983	1.05
Gene208	1.02	1.09	0.983	0.99
Gene209	0.991	1.02	1.09	1.09
Gene210	1.05	1.04	0.982	0.991
Gene211	1.05	0.977	1.12	1.04
Gene212	1.06	0.978	0.998	1.03
Gene213	1.04	1.02	1.09	0.97
Gene214	0.992	0.989	1.08	1.02
Gene215	0.995	1.13	1.02	1.01
Gene216	1.04	0.981	1.12	1.06
Gene217	1.04	1.14	1.12	1.07
Gene218	1.01	1.09	1.13	1.08
Gene219	0.993	0.983	1.08	0.99
Gene220	1.03	0.938	1.08	1.01
Gene221	1.03	1.06	1.11	1.01
Gene222	NA	0.997	NA	NA
Gene223	1.03	0.978	1.04	1.03
Gene224	0.912	1.14	1.01	1.05
Gene225	1.05	1.01	1.07	0.992
Gene226	1.03	1.03	0.985	0.994
Gene227	1.06	1.05	1.03	0.991
Gene228	NA	1.05	NA	NA
Gene229	0.992	1.12	1.07	1.05
Gene230	1	0.979	0.998	1
Gene231	0.998	0.979	1.04	1.04
Gene232	1.04	0.00792	1.07	0.999
Gene233	0.997	1.02	0.996	0.996
Gene234	1.01	1.12	0.994	1.02
Gene235	0.996	0.978	0.982	0.996
Gene236	1.02	0.991	1.08	0.989
Gene237	1.03	1.02	1.09	1.05
Gene238	1.01	0.983	1.03	1.07
Gene239	0.973	1.09	1	0.989
Gene240	1.01	0.993	1.09	0.99
Gene241	1.06	1.07	1.1	1.05
Gene242	0.994	0.991	1.04	1.01
Gene243	1.03	0.876	0.983	0.998
Gene244	1.02	1.08	0.993	1.01
Gene245	1.03	1	1.09	1.04
Gene246	1.02	1.1	1.01	1.01
Gene247	1.05	1.13	0.981	1.01
Gene248	0.203	1	1.06	1.07
Gene249	0.993	1.03	0.986	1.02
Gene250	1.03	1.12	1.07	1.08
Gene251	1.03	1.14	0.99	1.09
Gene252	0.983	1.06	1.1	0.997
Gene253	1.05	1.03	1.01	1.07
Gene254	0.999	1.12	1.13	0.992
Gene255	1.05	0.978	1.05	0.991
Gene256	1.04	0.984	0.998	1.02
Gene257	0.995	0.989	1.02	1.01
Gene258	1.03	0.977	1.13	0.814
Gene259	NA	0.997	NA	NA
Gene260	1.03	0.834	1.04	1.02
Gene261	0.996	0.989	1.01	1.06
Gene262	0.994	1.15	1.1	1.04
Gene263	1.03	1.11	0.982	0.991
Gene264	1.04	0.977	1.11	1
Gene265	0.995	1.14	1.03	1.06
Gene266	1.03	1.09	1.11	1.04
Gene267	1.05	1.13	1.13	0.637
Gene268	1.06	1.06	1.08	1.03
Gene269	0.991	1.07	1.13	NA
Gene270	1.03	1.02	0.985	1.05
Gene271	1.05	1.06	1.05	1.06
Gene272	1.04	1.06	1.07	1.01
Gene273	1	0.992	1.04	1.01
Gene274	1.02	0.979	NA	NA
Gene275	NA	0.977	NA	NA
Gene276	0.993	1.09	NA	NA
Gene277	1.04	1.01	1.05	1.08
Gene278	1.02	0.979	1.02	1
Gene279	1	1.18	1.02	1.06
Gene280	1.04	1.14	1.14	1.09
Gene281	0.998	1.09	0.992	0.991
Gene282	1.01	1.01	0.988	1.01
Gene283	0.998	1.05	1.13	1.01
Gene284	1.02	1.02	0.984	0.994
Gene285	0.991	0.997	0.984	0.997
Gene286	0.993	1.14	1.02	0.996
Gene287	1.01	1.05	0.987	0.993
Gene288	1.05	1	0.593	1
Gene289	0.996	0.977	1.05	1.05
Gene290	1.01	1.04	1.09	1.05
Gene291	0.998	0.98	0.983	1.03
Gene292	1.03	1.13	1.01	1.03
Gene293	0.998	1.01	1.04	0.991
Gene294	0.806	1.03	0.983	1.03
Gene295	0.996	0.986	0.983	1.05
Gene296	1.01	1.15	0.983	1.02
Gene297	1.02	0.981	0.982	0.989
Gene298	0.997	1.14	0.975	1.08
Gene299	1.03	1.13	0.991	0.992
Gene300	1.02	1.06	1	1.01
Gene301	1.04	0.989	1	1.01
Gene302	0.995	1	0.999	0.993
Gene303	0.987	0.952	1.05	1.03
Gene304	1.05	0.998	0.941	1.09
Gene305	1.01	0.989	1.07	1.02
Gene306	0.996	1	1.13	1.02
Gene307	0.992	1.12	0.983	1.03
Gene308	1	0.978	1.03	1.06
Gene309	0.994	0.977	0.992	1.06
Gene310	1.05	1.13	0.982	0.998
Gene311	0.994	1.03	1.13	0.992
Gene312	1.04	1.12	1.09	1.01
Gene313	1.03	0.984	1.07	1.06
Gene314	0.994	1.03	0.983	0.991
Gene315	1.04	0.981	1.1	1.02
Gene316	0.996	0.986	0.987	1.01
Gene317	1.05	0.979	1.06	1.01
Gene318	1.01	1.04	1.02	0.991
Gene319	1.03	1.17	0.985	1.06
Gene320	1	1.02	0.983	1.05
Gene321	1.04	0.979	0.982	1.06
Gene322	1.03	0.996	1.07	1.03
Gene323	0.994	1	1.08	1.07
Gene324	0.996	1.04	0.983	1.06
Gene325	0.996	0.979	0.981	1.02
Gene326	0.996	1.04	0.981	1.02
Gene327	0.992	0.984	1.05	0.995
Gene328	0.996	1.13	0.983	1.03
Gene329	0.996	0.978	0.989	0.996
Gene330	1.04	0.995	1.13	1.04
Gene331	1.03	1.07	0.906	0.899
Gene332	1.04	1.04	0.998	1
Gene333	1.03	1.16	0.996	1.01
Gene334	0.992	0.981	0.983	0.999
Gene335	1.01	1.11	1.08	1.09
Gene336	0.992	1.02	0.982	0.991
Gene337	0.995	1.05	1.02	1
Gene338	1.04	0.983	1.09	1.08
Gene339	1.05	1.09	1.03	1.09
Gene340	0.994	0.982	0.982	0.997
Gene341	1.05	1.03	0.998	1.04
Gene342	1.05	1.11	0.982	0.99
Gene343	0.994	1.01	1.12	1
Gene344	0.992	1.09	1.02	1.03
Gene345	0.802	0.977	1.06	0.993
Gene346	0.993	0.977	1.03	1.08
Gene347	1.05	0.985	1.07	1.02
Gene348	1.05	1.05	NA	NA
Gene349	1.05	0.99	1.12	1.02
Gene350	0.995	0.982	1.01	0.991
Gene351	NA	0.998	NA	NA
Gene352	1.03	1.02	1.08	0.998
Gene353	0.995	0.978	1.04	1
Gene354	0.995	0.982	0.99	1.01
Gene355	1.01	1.06	1.08	1.05
Gene356	1.03	0.978	1.09	1.06
Gene357	1.06	1.12	0.983	0.986
Gene358	1.05	0.978	0.982	1.06
Gene359	1.05	1.06	0.983	1
Gene360	0.992	0.949	1.01	1.09
Gene361	1.05	1.14	1.06	1.09
Gene362	1.03	1.09	1.07	1
Gene363	0.982	1.02	1.01	0.991
Gene364	0.998	1.01	1.09	1
Gene365	0.992	1.08	1.01	0.991
Gene366	0.992	1.01	0.983	0.991
Gene367	1.05	0.998	1.01	1.01
Gene368	1.01	1.17	1.06	0.992
Gene369	1	1.09	0.991	1.01
Gene370	0.993	1.12	1.01	1.02
Gene371	0.992	1.1	1.01	1.03
Gene372	1.01	1.09	1.01	1.03
Gene373	0.991	1	1.08	1.01
Gene374	1	0.977	1.12	1.01
Gene375	1.04	0.985	1.01	0.991
Gene376	1.05	1.04	0.993	1.01
Gene377	1.02	1.06	0.982	1.01
Gene378	0.994	1.05	0.987	1.03
Gene379	1.02	0.987	0.981	1
Gene380	0.995	1.09	1.07	1.05
Gene381	1.01	1.03	0.998	1.03
Gene382	0.994	1.17	0.997	1.02
Gene383	1.05	0.987	0.992	0.995
Gene384	0.808	0.997	1.04	0.992
Gene385	1.01	1.09	1.13	1.07
Gene386	1.03	1.09	0.987	1
Gene387	1.01	0.983	0.997	1.04
Gene388	0.994	0.981	1.13	0.897
Gene389	0.992	0.978	0.982	0.992
Gene390	1.03	0.979	0.984	0.989
Gene391	1.02	1.09	1.04	0.998
Gene392	0.996	1.07	0.991	0.992
Gene393	1.04	1.01	1.02	0.997
Gene394	1.03	1.03	1.08	1.08
Gene395	0.996	1.02	NA	NA
Gene396	1.06	0.989	1.02	1.02
Gene397	1.01	0.983	1.06	0.994
Gene398	1.02	1.11	0.982	1.05
Gene399	1	1.15	1.06	1.08
Gene400	1.05	1.02	0.982	1.01
Gene401	0.993	1.13	0.981	0.992
Gene402	NA	1.02	NA	NA
Gene403	1.05	1.06	1.02	1.01
Gene404	1	1.07	0.997	1.05
Gene405	1.06	1.06	1.13	1.01
Gene406	0.995	1.05	0.982	1.04
Gene407	1.03	1.09	0.988	1.08
Gene408	0.996	0.977	1.09	0.995
Gene409	1.05	1.02	0.988	1.02
Gene410	0.998	0.938	1.03	1.05
Gene411	0.991	1.02	1.01	1.07
Gene412	0.996	1.09	1.03	0.996
Gene413	0.992	1.11	1.13	1.07
Gene414	1.01	1.11	1.09	0.995
Gene415	1	0.978	0.985	0.989
Gene416	1.05	1.01	1	1.03
Gene417	1.04	0.983	0.982	1.08
Gene418	1.01	0.985	1.11	1.01
Gene419	1.04	1.03	0.989	0.992
Gene420	1.04	0.998	0.998	0.998
Gene421	1.05	1.17	0.992	1.07
Gene422	NA	0.98	1.13	1.07
Gene423	0.996	0.996	1.12	0.682
Gene424	1.05	1.13	1.12	1.09
Gene425	1.03	1.07	1.06	1.07
Gene426	0.996	1.04	1.07	1.02
Gene427	NA	1.04	0.982	0.993
Gene428	1.02	1.15	1.13	1.03
Gene429	0.994	0.991	0.982	0.994
Gene430	0.996	1.15	1.06	1.07
Gene431	1	1.16	1.09	1.09
Gene432	1.03	1.14	1.01	0.994
Gene433	1.04	1.12	1.02	1.02
Gene434	1.01	1.17	1.08	1.02
Gene435	0.995	1.01	1.06	1.03
Gene436	1.05	1.03	1.03	0.999
Gene437	0.995	1	1.09	1.03
Gene438	1.03	1	1.06	1.01
Gene439	1.05	0.991	0.996	1.02
Gene440	1.05	1.01	1.11	1.02
Gene441	1.01	1.14	1.08	0.995
Gene442	1.05	1	1.01	1.06
Gene443	1.02	1.17	0.982	0.991
Gene444	1.05	1.17	1.13	1.04
Gene445	0.994	1.15	0.995	1.05
Gene446	0.997	1.14	1.07	1.07
Gene447	1.06	1.06	1.05	1.03
Gene448	1	1.02	1.13	1.04
Gene449	0.992	1.1	0.988	1.09
Gene450	0.999	0.983	1	1.06
Gene451	0.993	1.11	0.982	1.06
Gene452	NA	1.12	1.01	1.05
Gene453	NA	0.996	NA	NA
Gene454	0.996	1.01	NA	1.01
Gene455	0.989	1.03	0.982	0.989
Gene456	1.05	1.09	1.14	1.04
Gene457	1.02	1.12	0.999	1
Gene458	1.05	1.17	0.997	1.06
Gene459	0.992	1.04	1.06	1.05
Gene460	1.05	0.988	0.982	0.991
Gene461	1.03	0.977	1.01	1.02
Gene462	1.02	1.17	1.08	1.08
Gene463	1	1.06	1.06	0.991
Gene464	0.993	1.05	0.989	1.02
Gene465	0.994	0.979	1.1	1.07
Gene466	1.02	1	0.999	0.995
Gene467	0.999	1.08	1	1.08
Gene468	0.991	0.986	1.09	1.06
Gene469	0.999	1.13	1.05	1.07
Gene470	0.991	1.11	0.982	1.03
Gene471	1.02	1.08	1.09	1.08
Gene472	1	1.15	1.12	1.09
Gene473	1.02	0.989	1.06	1.01
Gene474	0.994	1.04	NA	NA
Gene475	1.01	1.15	1.13	0.0247
Gene476	1.01	1.13	1.03	0.992
Gene477	0.998	1.09	1.13	1.01
Gene478	1.01	0.984	0.996	1
Gene479	0.995	0.988	0.993	0.991
Gene480	1.05	0.994	1.04	0.991
Gene481	1.01	1.04	1.07	1.06
Gene482	1.05	0.985	1.06	1.05
Gene483	1.04	1.09	1	1.08
Gene484	NA	0.982	NA	NA
Gene485	1.03	1.07	0.987	0.99
Gene486	0.994	1.03	1.01	0.995
Gene487	0.991	0.0973	0.985	0.991
Gene488	1.04	0.989	1.06	1.02
Gene489	1.02	1.17	0.982	0.991
Gene490	1.04	1.06	1.01	1.02
Gene491	0.991	0.989	1.06	1.05
Gene492	0.788	1.04	0.981	0.994
Gene493	NA	1.01	NA	NA
Gene494	1	1.13	1.07	1.06
Gene495	1.03	0.984	NA	NA
Gene496	1.04	1.01	0.986	1.09
Gene497	1.04	1.12	1.07	1.01
Gene498	1.01	0.983	1.05	1.03
Gene499	0.999	1.12	1.08	1.05
Gene500	1.03	1.03	1.07	1.07
Gene501	1.04	1.01	0.999	1.09
Gene502	0.997	1.08	0.996	1.04
Gene503	0.999	0.983	0.982	1.04
Gene504	1.04	1.17	0.988	1.02
Gene505	0.992	0.988	0.983	0.999
Gene506	1.02	1.07	0.417	1.07
Gene507	1.05	0.991	1.02	1
Gene508	1	1.05	1.12	1.05
Gene509	1.02	1.14	1.02	1.01
Gene510	1.05	0.978	0.997	1.01
Gene511	1.04	1.08	1.01	1
Gene512	1.04	1.07	1.12	1.07
Gene513	0.999	1.14	0.983	1.07
Gene514	0.996	0.987	0.994	1.06
Gene515	0.992	0.989	0.983	0.996
Gene516	0.998	1.04	1.07	0.991
Gene517	0.936	1.12	1.11	1.01
Gene518	1.01	1	0.99	0.994
Gene519	1.04	0.99	0.988	1.01
Gene520	0.992	1.02	1.01	0.99
Gene521	0.995	0.997	0.983	0.998
Gene522	1.03	1.04	1.06	1.02
Gene523	1.05	0.982	1.08	0.99
Gene524	1.03	0.991	0.985	1.06
Gene525	1.05	0.988	0.983	0.992
Gene526	NA	1.16	1.13	1.04
Gene527	0.996	1	NA	NA
Gene528	0.993	0.983	0.996	0.989
Gene529	1.03	1.08	1.06	0.991
Gene530	0.992	1.09	1.07	0.993
Gene531	1.03	1.13	1.07	1.02
Gene532	1.05	1.13	1.11	0.829
Gene533	1.05	0.991	1.04	0.999
Gene534	0.99	0.995	0.981	0.994
Gene535	1.05	1.15	1.06	1.02
Gene536	1.02	1.12	1.13	1.02
Gene537	1.05	0.977	1.01	1.08
Gene538	1	1.02	1.09	1.01
Gene539	1.05	1.08	0.982	NA
Gene540	1.04	1.06	0.988	1.02
Gene541	1.01	0.978	1.06	1.02
Gene542	1.04	1.09	1.09	1.06
Gene543	0.991	1.12	0.993	1.02
Gene544	1.04	1.02	1.07	1.02
Gene545	1.02	0.999	1.01	1
Gene546	1.03	1.13	1.05	1.01
Gene547	1.03	1.02	1.02	1.03
Gene548	0.992	1.16	1.06	0.999
Gene549	1.03	0.997	1.09	1.07
Gene550	1	0.98	1.01	0.999
Gene551	0.992	1.02	1.02	1.01
Gene552	1.03	1.14	0.991	0.992
Gene553	1.04	1.09	0.983	0.994
Gene554	NA	0.986	1.06	0.997
Gene555	1.06	0.977	1.05	1.02
Gene556	1.04	1.02	1.01	1.02
Gene557	1.05	1.14	1.01	1.09
Gene558	0.994	0.99	1.01	0.998
Gene559	1.03	1.13	0.983	1.04
Gene560	0.992	1.06	1.01	1.03
Gene561	NA	1.07	NA	NA
Gene562	1.02	0.983	1.13	1.06
Gene563	1.04	1.13	0.983	1.02
Gene564	0.995	0.979	1.12	1.06
Gene565	1.01	1.12	1.02	1.02
Gene566	1.05	0.983	0.997	0.991
Gene567	0.996	0.979	1.01	0.998
Gene568	1.04	1.17	1.13	1.06
Gene569	0.997	0.992	0.949	0.812
Gene570	0.998	1.02	1.08	1.04
Gene571	0.996	0.985	1.02	1.01
Gene572	1.05	0.989	0.419	1.08
Gene573	1.05	1.04	1.02	1.05
Gene574	NA	1.09	1.03	0.992
Gene575	1.04	1.08	1.01	1.05
Gene576	1.05	0.978	1.03	1
Gene577	1.05	0.996	0.982	0.996
Gene578	1.06	1.01	1.02	1.04
Gene579	0.995	1.12	0.982	0.995
Gene580	1.04	1.01	1.03	1.09
Gene581	1.05	1.06	1.1	1.04
Gene582	NA	0.982	NA	NA
Gene583	0.991	1.16	1.13	1.03
Gene584	0.992	1.12	0.997	0.991
Gene585	1.03	1	0.932	1.01
Gene586	1.02	0.994	1.14	1.01
Gene587	1	1.12	0.994	1.06
Gene588	0.996	1.1	0.988	0.991
Gene589	0.992	1.08	1.07	1.07
Gene590	0.995	0.382	1.1	1.02
Gene591	1.01	1.05	0.987	1.08
Gene592	0.994	1	1.06	0.99
Gene593	1.05	1.12	1.04	1.02
Gene594	1.02	0.993	0.997	0.995
Gene595	1.04	1.09	1.03	1.01
Gene596	1.01	0.986	1.1	1.05
Gene597	1.02	0.977	0.983	0.991
Gene598	0.994	1.12	0.998	1.01
Gene599	0.998	1.04	1.01	0.991
Gene600	1.02	1.04	0.988	0.991
Gene601	1.03	1.12	0.981	0.991
Gene602	0.995	0.992	1.12	1
Gene603	1.04	0.983	1.08	1.01
Gene604	1	0.994	1.1	1.06
Gene605	1.05	1.01	1.11	NA
Gene606	1.01	1.12	1.01	1.03
Gene607	1.01	1.16	1.08	1.03
Gene608	1.02	0.732	0.983	1.07
Gene609	1.05	1.12	0.988	1.01
Gene610	0.994	1.12	0.988	0.998
Gene611	1.03	1.12	1.07	1.01
Gene612	0.992	1.07	1.1	1
Gene613	1.04	1.09	1.01	0.994
Gene614	1.02	0.983	1.09	1.02
Gene615	1.02	1.17	0.997	1.03
Gene616	1	1.06	1.03	1.02
Gene617	1	1.12	1.09	1.08
Gene618	1.03	1.07	1.01	1.01
Gene619	NA	NA	NA	NA
Gene620	1	1.12	0.995	1.03
Gene621	0.995	1.07	0.987	1.01
Gene622	1	1.12	0.992	0.995
Gene623	1.03	0.981	1	1.02
Gene624	1.05	1.09	1.08	1.04
Gene625	NA	1.14	NA	NA
Gene626	0.995	0.981	1.01	1
Gene627	1.05	1.17	0.982	1.07
Gene628	1	0.986	1.05	1.07
Gene629	1.02	1.05	0.983	1
Gene630	0.964	0.563	0.982	1.04
Gene631	0.995	0.981	0.985	0.994
Gene632	1.02	0.979	1.06	0.99
Gene633	0.996	1.02	1.02	0.99
Gene634	1.05	1.12	0.988	1.01
Gene635	1.05	1.12	1.03	1.04
Gene636	0.998	1.03	1.01	0.996
Gene637	0.995	0.998	1.04	1.03
Gene638	1.03	1.08	1.14	1.07
Gene639	0.995	1.11	1.12	1.04
Gene640	1.02	1.01	1.04	0.992
Gene641	1	1.07	1.01	0.996
Gene642	0.991	1.09	0.999	1.08
Gene643	0.993	0.977	1.08	1.01
Gene644	1	1.09	1.1	1
Gene645	0.995	1.03	1.03	1.05
Gene646	1.01	0.996	1.14	0.784
Gene647	1.05	0.977	0.991	1.02
Gene648	0.767	1.13	1.06	1
Gene649	1.03	1.01	1.1	1.06
Gene650	0.992	1.12	1.08	0.994
Gene651	1.04	1.09	1	1.09
Gene652	1.03	0.978	1.13	1.08
Gene653	0.992	1.09	1.02	0.991
Gene654	1.05	1.15	0.832	0.241
Gene655	1.01	0.997	1.03	0.995
Gene656	0.998	0.991	1.02	1.03
Gene657	1.01	1.16	0.998	1.06
Gene658	1.01	1.11	1.05	0.991
Gene659	1.03	0.989	0.982	0.991
Gene660	0.991	1.02	1.12	0.991
Gene661	1	1.06	1.08	0.994
Gene662	0.994	1.12	0.982	0.992
Gene663	1.01	1.04	1.14	1.02
Gene664	0.997	1.04	0.988	1.04
Gene665	0.995	0.98	0.986	0.995
Gene666	0.995	1.09	1.05	1.03
Gene667	0.998	0.988	0.75	1.08
Gene668	0.994	1.03	1.07	1.02
Gene669	0.999	1.13	1.02	0.99
Gene670	0.991	0.989	1.08	1.05
Gene671	1.06	1.07	1.1	1.02
Gene672	0.996	0.999	0.982	1.01
Gene673	1.04	1.12	0.991	1.06
Gene674	1.02	1.13	1.11	1.04
Gene675	1.03	0.984	1.02	1
Gene676	1.04	0.979	1.01	0.99
Gene677	1.04	0.982	1.07	1.09
Gene678	1.05	0.993	1.12	0.995
Gene679	1	0.993	0.869	1.06
Gene680	1.03	1.11	0.998	1.01
Gene681	0.998	1.04	1.02	1.07
Gene682	1.05	1.02	1.06	1.01
Gene683	0.998	0.99	1.1	1.04
Gene684	0.994	1.02	0.998	1.02
Gene685	0.998	0.99	0.985	1.01
Gene686	0.999	1.01	1.01	1.06
Gene687	NA	1.07	NA	NA
Gene688	0.991	1.12	0.986	1
Gene689	0.996	0.985	1.09	1.06
Gene690	0.998	1.13	1	1.05
Gene691	1.05	1.08	1.03	1
Gene692	0.992	1.08	0.983	0.998
Gene693	0.995	1.1	1.09	1.06
Gene694	1	0.985	1.13	1.06
Gene695	0.993	0.994	1.1	1.07
Gene696	0.998	0.985	1.12	1.02
Gene697	0.991	0.979	0.983	0.998
Gene698	0.754	0.35	1.01	0.996
Gene699	0.99	1.08	1.07	0.999
Gene700	0.999	1.04	1.14	0.999
Gene701	0.993	0.987	0.991	1.01
Gene702	1.03	1.03	1	0.996
Gene703	1.04	0.983	0.982	1
Gene704	1	0.976	1.06	1.07
Gene705	1.04	0.979	0.987	1.03
Gene706	0.995	0.979	1.09	1.08
Gene707	0.993	1.03	1.08	1.06
Gene708	0.994	1.13	0.983	0.991
Gene709	1	1	0.99	0.99
Gene710	1.02	1.02	0.982	1.06
Gene711	1.05	1.04	1.01	0.994
Gene712	1.02	0.996	0.989	1.02
Gene713	1.05	1.13	1.13	1.01
Gene714	0.905	0.977	1.1	0.995
Gene715	1	0.948	0.982	1.04
Gene716	1.05	1.18	1.1	1.06
Gene717	1.03	1.12	1.05	1.03
Gene718	0.992	0.979	1.13	0.99
Gene719	1.04	0.979	1.13	0.994
Gene720	1.04	0.991	1.02	1.03
Gene721	1.02	0.978	1.07	0.989
Gene722	1.04	1.12	1.02	1.04
Gene723	0.992	1.05	1.13	1.03
Gene724	0.991	0.999	0.996	1.03
Gene725	0.992	1.02	1.08	0.998
Gene726	NA	1.02	NA	NA
Gene727	1	1.04	1.02	1.01
Gene728	1.05	0.979	1.08	0.989
Gene729	1.04	1.02	1.13	1.02
Gene730	0.995	1.04	1.1	1.06
Gene731	1.05	0.981	NA	NA
Gene732	1.04	1.01	0.99	0.991
Gene733	0.996	1.01	1.05	0.992
Gene734	0.992	1.12	1.01	1.08
Gene735	1.02	1.17	1.02	1.01
Gene736	0.994	0.977	1.01	1.02
Gene737	1.03	1.05	0.993	0.998
Gene738	0.996	1.06	1.04	1.01
Gene739	0.992	1.12	0.986	1.05
Gene740	1.05	0.984	1.13	1.03
Gene741	0.993	1.09	1.02	1.05
Gene742	NA	1.09	1.07	1.03
Gene743	0.994	1.15	0.985	1
Gene744	1.02	1.17	1.09	1.03
Gene745	0.996	1.09	NA	NA
Gene746	1.05	1.04	1.06	NA
Gene747	1	0.799	1.07	1.06
Gene748	1.03	0.991	0.981	0.99
Gene749	1.05	1.04	1.08	0.994
Gene750	1.03	1.17	0.988	0.996
Gene751	1	1.05	1.07	1.01
Gene752	1.02	1.09	0.982	0.994
Gene753	1	0.978	0.982	0.991
Gene754	1.04	0.986	0.982	1
Gene755	0.991	0.978	0.983	0.99
Gene756	1.03	1.17	0.983	1.02
Gene757	1.05	1.13	0.982	0.992
Gene758	1	0.983	0.981	0.992
Gene759	1.03	0.986	1.11	1.01
Gene760	0.992	1.16	0.982	0.993
Gene761	1.06	1.13	1.09	1.03
Gene762	1.03	0.99	0.982	0.992
Gene763	1	1.13	0.982	1.01
Gene764	0.999	1.03	1.08	1.08
Gene765	1.04	1.04	1.09	1.02
Gene766	0.992	0.982	1.05	1.08
Gene767	1	1.01	1.1	1.07
Gene768	1.01	1.11	0.988	0.989
Gene769	NA	1.09	NA	NA
Gene770	0.995	1	0.988	0.989
Gene771	0.996	1.08	0.993	0.994
Gene772	1.01	1.12	1.13	0.365
Gene773	1	1.05	1.1	1.07
Gene774	1.02	0.981	0.982	1.08
Gene775	1.03	1.1	0.983	0.991
Gene776	1.05	0.983	0.986	1.01
Gene777	1	0.986	1.08	1.01
Gene778	0.991	1.14	1.05	1.09
Gene779	1.03	0.99	1.02	1.07
Gene780	1.02	1.05	1.13	0.99
Gene781	0.995	1.09	1.04	1.04
Gene782	1.03	0.994	1.11	1.03
Gene783	0.997	0.979	0.992	1.09
Gene784	0.999	0.989	1.01	1.08
Gene785	0.995	1.14	1.12	1.08
Gene786	1.05	0.987	1.1	0.994
Gene787	1.01	0.99	1.08	1.06
Gene788	1	0.985	1.09	1.07
Gene789	1.05	1.12	1.12	1.06
Gene790	0.369	0.794	0.993	1.04
Gene791	0.996	1.12	0.982	1.06
Gene792	1.04	1.12	1.1	0.988
Gene793	1.04	1.08	0.997	0.996
Gene794	0.996	1.15	1	1.01
Gene795	0.996	0.999	0.994	0.996
Gene796	0.996	0.977	1.08	1.02
Gene797	1.02	1.01	1.12	0.996
Gene798	0.992	1.03	1.02	1.02
Gene799	NA	1.16	NA	NA
Gene800	1.02	0.991	0.402	0.213
Gene801	0.995	1.07	0.981	1.02
Gene802	1.02	1.13	1.07	1.01
Gene803	0.0503	1.06	1.01	0.994
Gene804	1.01	0.985	1.11	0.99
Gene805	1.05	0.98	1.04	1.07
Gene806	1.05	1.07	0.982	1.07
Gene807	1.05	0.984	1.13	0.989
Gene808	1.05	1.02	1.08	1
Gene809	1.03	0.987	1.12	1.07
Gene810	1.05	1.05	1.02	0.991
Gene811	1.01	1.1	1.07	1.07
Gene812	1.02	1.14	1.06	1.01
Gene813	1.03	0.983	1.11	0.99
Gene814	1.05	0.981	0.993	1.06
Gene815	0.992	0.977	0.991	1
Gene816	0.991	0.989	0.981	0.99
Gene817	1.05	0.982	1.06	1.06
Gene818	1.02	1.12	0.79	1.07
Gene819	1.05	1.12	0.991	1
Gene820	1.04	1.13	0.986	0.996
Gene821	1.05	0.977	1.09	0.641
Gene822	0.992	0.977	0.993	1.02
Gene823	1.01	1	1.12	1.01
Gene824	0.993	0.994	1.09	0.995
Gene825	1.03	0.977	1.13	0.994
Gene826	1.01	1.01	1.14	1.08
Gene827	1.03	0.979	0.981	0.999
Gene828	1.06	0.992	1.13	1.08
Gene829	1.04	1.08	1.07	NA
Gene830	1.02	0.976	1.06	1
Gene831	NA	0.983	NA	NA
Gene832	0.992	1.13	1.01	1.09
Gene833	0.999	0.981	1.01	0.995
Gene834	1.01	1.12	1.12	1.08
Gene835	0.996	1.12	1.09	1.03
Gene836	NA	0.979	NA	NA
Gene837	0.995	1.12	1.06	1.09
Gene838	1.05	0.994	0.982	1.05
Gene839	0.604	1.06	1.08	1
Gene840	0.997	0.978	1.04	1.06
Gene841	0.992	1.01	1	1.02
Gene842	1.05	0.979	0.983	1
Gene843	0.996	1.14	1.05	1.01
Gene844	1	1.1	1.03	1.01
Gene845	1.06	1.11	1.13	1.08
Gene846	1.05	1.12	0.992	1.06
Gene847	1.04	0.977	1.1	1.03
Gene848	NA	1.03	NA	NA
Gene849	0.709	0.98	1.05	1.02
Gene850	1.04	0.977	1.12	1.09
Gene851	1.04	0.978	1.12	1.06
Gene852	1.02	0.988	1.07	0.994
Gene853	1.04	1.09	1.09	1.05
Gene854	1.02	1.02	1.07	1.01
Gene855	1.04	1	0.983	0.998
Gene856	1	1.17	1.05	1.01
Gene857	1.05	0.978	1.12	0.991
Gene858	0.995	1.14	1.06	1.08
Gene859	0.995	0.979	0.993	1
Gene860	1.04	0.986	1.13	1.04
Gene861	1.01	1.13	1.01	1.08
Gene862	1.04	1.08	0.997	1.01
Gene863	0.996	1.02	0.981	1.09
Gene864	0.995	0.986	0.983	1.06
Gene865	0.994	1.09	0.985	0.992
Gene866	1.02	1.04	1.09	0.989
Gene867	0.688	0.977	1.03	0.994
Gene868	1.05	1.01	0.986	1
Gene869	1.02	1.16	1.1	1.07
Gene870	1.03	1.05	1.06	1.06
Gene871	1	1.03	1.13	0.99
Gene872	1.06	1.17	1.1	0.998
Gene873	1.01	1.09	1.07	0.991
Gene874	0.993	0.987	1.01	1.07
Gene875	1.02	0.978	0.982	0.99
Gene876	1.02	0.991	1.12	0.631
Gene877	1.06	1.04	1.04	0.991
Gene878	1.03	0.978	0.999	0.997
Gene879	1.04	0.992	1.09	1.02
Gene880	0.992	0.986	1.04	1.05
Gene881	0.996	1.14	1.12	1.08
Gene882	1.04	0.978	1.02	1
Gene883	1.05	0.986	1.06	1.03
Gene884	1.05	0.977	0.971	1.02
Gene885	1.03	1.09	0.982	1
Gene886	0.992	0.982	1.05	1.04
Gene887	1.03	1.13	1	1.01
Gene888	1.05	0.977	0.993	0.992
Gene889	0.991	0.977	0.982	0.994
Gene890	1.04	0.977	1.07	1.08
Gene891	0.993	0.984	1.08	1.04
Gene892	1.04	1	0.983	1.02
Gene893	0.994	1.14	1.03	1.03
Gene894	1.01	0.978	1.07	1.06
Gene895	1.02	0.981	1.05	1.01
Gene896	1.04	1.01	1.05	1.08
Gene897	1.03	0.979	1.04	0.997
Gene898	1	0.984	0.988	1
Gene899	1.04	1.05	1.06	0.995
Gene900	1.05	1.02	1.01	1.02
Gene901	0.992	1.04	0.993	1.01
Gene902	1	1.03	0.982	1.02
Gene903	1.04	0.984	0.982	1.02
Gene904	1.03	0.991	0.983	0.992
Gene905	0.994	1.15	0.985	0.992
Gene906	0.994	1.03	0.987	1.04
Gene907	0.995	0.977	0.997	1.02
Gene908	1	1.09	1.07	1.06
Gene909	1.01	0.991	1.1	1.06
Gene910	0.994	0.991	1.07	0.989
Gene911	1.02	0.995	1.05	0.978
Gene912	0.993	1.12	1.09	1.06
Gene913	1	1.03	1.13	0.867
Gene914	0.992	1.11	NA	NA
Gene915	1.01	1.13	1.07	0.996
Gene916	1.03	1.12	0.982	1.02
Gene917	1.02	0.998	0.983	1.07
Gene918	1.04	1.09	1.06	1.09
Gene919	0.992	0.983	0.981	1.02
Gene920	0.995	1.01	1.13	1.09
Gene921	1.03	1.14	0.982	0.994
Gene922	1.04	0.984	0.996	0.998
Gene923	1.03	1.09	1.02	1.01
Gene924	0.992	0.985	1.13	1.03
Gene925	0.996	1.03	NA	NA
Gene926	0.991	0.989	1.13	1
Gene927	0.992	1.11	NA	NA
Gene928	1.04	0.985	1.09	0.995
Gene929	1.01	1.12	1.12	1.08
Gene930	1.01	1.1	0.982	0.997
Gene931	1.05	1.14	1.12	1.05
Gene932	1.05	1.08	0.982	0.99
Gene933	NA	0.986	1.01	NA
Gene934	1.02	1.14	1.03	1.01
Gene935	1.01	0.977	1.1	1.06
Gene936	NA	0.981	NA	NA
Gene937	1.05	1.15	1.11	1.05
Gene938	1.04	1.1	1.09	1.03
Gene939	0.995	0.977	1.14	0.991
Gene940	1.01	0.998	1.01	0.991
Gene941	1.02	1.01	1.01	0.99
Gene942	1.05	1.13	1.05	0.993
Gene943	1.04	1.17	1.12	1.01
Gene944	0.995	1.12	1.03	1.06
Gene945	1.04	1.07	1.05	0.985
Gene946	0.762	0.977	1.09	1.06
Gene947	1.02	1.08	1.03	1.04
Gene948	0.991	0.979	1.01	0.99
Gene949	1.01	0.994	1.1	1
Gene950	1.05	0.984	0.983	1
Gene951	1.05	1.14	0.983	1.01
Gene952	1.03	0.977	0.983	0.991
Gene953	1.05	1.04	1.04	1.06
Gene954	1.06	1.02	0.984	1.03
Gene955	1.06	0.99	1.12	1.08
Gene956	1.03	1.02	0.998	1.06
Gene957	0.992	1.04	1.01	1.06
Gene958	1.05	0.984	0.998	1
Gene959	1.02	1.1	1.12	0.994
Gene960	0.995	1.06	0.995	0.995
Gene961	0.995	0.995	1.09	1.08
Gene962	1.02	1.11	1.11	1.06
Gene963	1.02	1.14	0.999	1.06
Gene964	1.03	1.06	1.01	1.03
Gene965	1.04	0.907	1.01	0.99
Gene966	0.992	0.98	0.982	1
Gene967	NA	NA	1.06	1.05
Gene968	1.05	1.02	1.06	1.04
Gene969	1.04	0.984	0.983	0.991
Gene970	1.05	1.11	1.04	1.01
Gene971	1.03	1.08	1.05	1.06
Gene972	0.992	0.988	1.02	1
Gene973	0.995	1.09	1.12	1.01
Gene974	0.999	0.977	1.1	1.09
Gene975	1.03	1.13	0.987	0.989
Gene976	1.02	1.02	0.983	0.991
Gene977	1.05	0.979	0.982	1
Gene978	0.993	1.01	0.999	1.07
Gene979	1.01	0.997	1.04	1
Gene980	1.05	1.12	1.02	1.03
Gene981	1.01	1.04	1.04	1.08
Gene982	0.991	0.977	1.01	1.02
Gene983	1.01	1.17	0.993	1.08
Gene984	0.995	0.983	1.12	0.992
Gene985	1	0.995	1.02	1.02
Gene986	0.996	0.977	1.12	1.06
Gene987	1.03	0.987	1.08	0.99
Gene988	0.998	0.977	1.11	1.05
Gene989	1.01	1.17	1.07	1.08
Gene990	0.767	1.18	1.02	1.06
Gene991	0.992	1.07	1.05	1.04
Gene992	0.999	1.09	1.11	1.03
Gene993	1.03	1.07	1	1
Gene994	1.03	1.06	1.05	1.06
Gene995	1.03	0.983	1	0.993
Gene996	1.02	0.995	0.985	0.99
Gene997	1.04	0.993	0.983	0.989
Gene998	1	0.977	1.01	1
Gene999	0.952	1.14	0.999	1
Gene1000	1.05	0.982	1.07	1.01
