"id"	"num"	"neg.score"	"neg.p.value"	"neg.fdr"	"neg.rank"	"neg.goodsgrna"	"neg.lfc"	"pos.score"	"pos.p.value"	"pos.fdr"	"pos.rank"	"pos.goodsgrna"	"pos.lfc"
"Gene1"	4	7.2376e-11	2.7419e-07	0.00033	1	4	-1.3382	1	1	1	18055	0	-1.3382
"Gene2"	4	1.7229e-10	2.7419e-07	0.00033	2	4	-0.8595	1	1	1	18054	0	-0.8595
"Gene3"	4	9.9372e-10	2.7419e-07	0.00033	3	4	-1.0794	1	1	1	18053	0	-1.0794
"Gene4"	4	4.6572e-09	2.7419e-07	0.00033	4	4	-1.4657	0.99929	0.9993	1	17979	0	-1.4657
"Gene5"	4	6.5741e-09	2.7419e-07	0.00033	5	4	-0.93218	1	1	1	18052	0	-0.93218
"Gene6"	4	1.69e-08	2.7419e-07	0.00033	6	4	-1.0867	1	1	1	18045	0	-1.0867
"Gene7"	4	1.8663e-08	2.7419e-07	0.00033	7	4	-1.2392	1	1	1	18051	0	-1.2392
"Gene8"	3	2.0735e-08	2.7419e-07	0.00033	8	3	-1.2206	1	1	1	18050	0	-1.2206
"Gene9"	4	2.3279e-08	2.7419e-07	0.00033	9	4	-1.705	1	1	1	18049	0	-1.705
"Gene10"	4	2.4142e-08	2.7419e-07	0.00033	10	4	-0.96193	1	1	1	18048	0	-0.96193
"Gene11"	4	2.5596e-08	2.7419e-07	0.00033	11	4	-1.3839	1	1	1	18047	0	-1.3839
"Gene12"	4	4.5763e-08	2.7419e-07	0.00033	12	4	-0.63739	1	1	1	18046	0	-0.63739
"Gene13"	4	7.2975e-08	2.7419e-07	0.00033	13	4	-1.0157	1	1	1	18041	0	-1.0157
"Gene14"	4	9.1847e-08	2.7419e-07	0.00033	14	4	-0.62286	1	1	1	18044	0	-0.62286
"Gene15"	4	1.2852e-07	2.7419e-07	0.00033	15	4	-0.82218	1	1	1	18043	0	-0.82218
"Gene16"	4	3.8584e-07	1.3709e-06	0.001547	16	4	-0.78751	1	1	1	18042	0	-0.78751
"Gene17"	4	1.0937e-06	3.5645e-06	0.003786	17	4	-0.51582	1	1	1	18040	0	-0.51582
"Gene18"	4	1.2005e-06	4.1128e-06	0.004125	18	4	-0.65042	1	1	1	18039	0	-0.65042
"Gene19"	4	2.1022e-06	5.2096e-06	0.00495	19	4	-0.73119	0.99998	0.99998	1	18030	0	-0.73119
"Gene20"	4	3.9452e-06	1.2339e-05	0.01108	20	4	-0.67106	0.99998	0.99998	1	18032	0	-0.67106
"Gene21"	4	4.2361e-06	1.2887e-05	0.01108	21	3	-0.568	0.97093	0.97086	1	17266	0	-0.568
"Gene22"	4	6.5125e-06	2.0016e-05	0.016427	22	4	-0.51944	0.99999	0.99999	1	18038	0	-0.51944
"Gene23"	4	8.5781e-06	2.8242e-05	0.02217	23	4	-1.3037	0.99999	0.99999	1	18037	0	-1.3037
"Gene24"	4	0.0069594	0.019345	0.701648	490	1	0.7966	4.6148e-06	1.5629e-05	0.003441	82	3	0.7966
"Gene25"	4	0.63391	0.63329	1	10945	0	1.2796	3.7642e-06	1.179e-05	0.002801	76	3	1.2796
"Gene26"	4	0.68921	0.68855	1	11888	0	1.5973	1.6924e-06	4.6612e-06	0.001336	63	3	1.5973
"Gene27"	4	0.74327	0.74274	1	12869	0	1.8494	6.5823e-07	1.9193e-06	0.000707	46	3	1.8494
"Gene28"	4	0.80452	0.80411	1	13940	0	1.9779	2.928e-06	1.0145e-05	0.002544	71	3	1.9779
"Gene29"	4	0.9047	0.90436	1	15732	0	2.3878	5.6642e-07	1.9193e-06	0.000707	40	3	2.3878
"Gene30"	4	0.9783	0.97838	1	17186	0	0.99428	3.6998e-06	1.179e-05	0.002801	75	3	0.99428
"Gene31"	4	0.98625	0.98631	1	17368	0	0.6492	2.3064e-06	5.758e-06	0.001507	69	3	0.6492
"Gene32"	4	0.98823	0.98833	1	17421	0	0.72761	5.2744e-06	1.7274e-05	0.003544	87	3	0.72761
"Gene33"	4	0.9945	0.99461	1	17604	0	1.9527	2.2599e-06	5.758e-06	0.001507	68	3	1.9527
"Gene34"	4	0.99822	0.99825	1	17753	0	1.1377	5.7102e-07	1.9193e-06	0.000707	42	4	1.1377
"Gene35"	4	0.99903	0.99902	1	17807	0	1.871	1.0671e-06	3.5645e-06	0.00117	55	4	1.871
"Gene36"	4	0.99938	0.9994	1	17833	0	1.7108	1.389e-06	4.6612e-06	0.001336	59	4	1.7108
"Gene37"	4	0.99941	0.99943	1	17836	0	0.63174	2.0913e-06	5.2096e-06	0.001425	66	4	0.63174
"Gene38"	4	0.99956	0.99958	1	17859	0	0.57564	5.4376e-07	1.9193e-06	0.000707	39	4	0.57564
"Gene39"	4	0.99997	0.99997	1	17946	0	1.6229	6.2918e-08	2.7419e-07	0.00019	22	4	1.6229
"Gene40"	4	0.99998	0.99998	1	17962	0	1.4586	1.8313e-07	8.2257e-07	0.000437	27	4	1.4586
"Gene41"	4	0.99999	0.99999	1	17972	0	1.6205	4.3066e-06	1.3435e-05	0.003032	80	4	1.6205
"Gene42"	4	0.99999	0.99999	1	17978	0	1.0031	9.4033e-06	3.3725e-05	0.006343	96	4	1.0031
"Gene43"	4	0.99999	0.99999	1	17979	0	0.8605	8.7586e-06	2.9338e-05	0.005576	95	4	0.8605
"Gene44"	4	0.99999	0.99999	1	17980	0	0.37759	8.4269e-06	2.7693e-05	0.005319	94	4	0.37759
"Gene45"	4	0.99999	0.99999	1	17981	0	0.69972	8.4092e-06	2.7693e-05	0.005319	93	4	0.69972
"Gene46"	4	0.99999	0.99999	1	17982	0	0.60946	8.3916e-06	2.7693e-05	0.005319	92	4	0.60946
"Gene47"	4	0.99999	0.99999	1	17983	0	0.69653	8.0277e-06	2.6048e-05	0.005168	91	4	0.69653
"Gene48"	4	0.99999	0.99999	1	17984	0	0.6325	7.272e-06	2.2758e-05	0.004565	90	4	0.6325
"Gene49"	4	0.99999	0.99999	1	17985	0	0.48256	6.2755e-06	2.0016e-05	0.004061	89	4	0.48256
"Gene50"	4	0.99999	1	1	17986	0	0.41869	5.3977e-06	1.7274e-05	0.003544	88	4	0.41869
"Gene51"	4	0.99999	1	1	17987	0	1.1511	5.022e-06	1.6726e-05	0.003511	86	4	1.1511
"Gene52"	4	1	1	1	17988	0	0.75958	4.9032e-06	1.6726e-05	0.003511	85	4	0.75958
"Gene53"	4	1	1	1	17989	0	0.8751	4.8504e-06	1.6726e-05	0.003511	84	4	0.8751
"Gene54"	4	1	1	1	17990	0	0.6759	4.7519e-06	1.6726e-05	0.003511	83	4	0.6759
"Gene55"	4	1	1	1	17991	0	0.69143	4.4489e-06	1.4532e-05	0.003239	81	4	0.69143
"Gene56"	4	1	1	1	17992	0	0.67468	4.2816e-06	1.2887e-05	0.002945	79	4	0.67468
"Gene57"	4	1	1	1	17993	0	0.85597	4.1037e-06	1.2887e-05	0.002945	78	4	0.85597
"Gene58"	4	1	1	1	17994	0	0.71013	3.8521e-06	1.2339e-05	0.002893	77	4	0.71013
"Gene59"	4	1	1	1	17995	0	0.67998	3.4331e-06	1.1242e-05	0.002743	74	4	0.67998
"Gene60"	4	1	1	1	17996	0	0.48941	3.3439e-06	1.1242e-05	0.002743	73	4	0.48941
"Gene61"	4	1	1	1	17997	0	0.39745	2.9556e-06	1.0145e-05	0.002544	72	4	0.39745
"Gene62"	4	1	1	1	17998	0	0.49665	2.6389e-06	7.4031e-06	0.001909	70	4	0.49665
"Gene63"	4	1	1	1	17999	0	0.99405	2.2093e-06	5.758e-06	0.001507	67	4	0.99405
"Gene64"	4	1	1	1	18000	0	0.69024	2.0671e-06	5.2096e-06	0.001425	65	4	0.69024
"Gene65"	4	1	1	1	18001	0	0.50813	2.0641e-06	5.2096e-06	0.001425	64	4	0.50813
"Gene66"	4	1	1	1	18002	0	1.2865	1.6013e-06	4.6612e-06	0.001336	62	4	1.2865
"Gene67"	4	1	1	1	18003	0	1.8072	1.5387e-06	4.6612e-06	0.001336	61	4	1.8072
"Gene68"	4	1	1	1	18004	0	1.2187	1.5093e-06	4.6612e-06	0.001336	60	4	1.2187
"Gene69"	4	1	1	1	18005	0	0.56758	1.3867e-06	4.6612e-06	0.001336	58	4	0.56758
"Gene70"	4	1	1	1	18006	0	0.544	1.3595e-06	4.6612e-06	0.001336	57	4	0.544
"Gene71"	4	1	1	1	18007	0	0.74435	1.2442e-06	4.1128e-06	0.001326	56	4	0.74435
"Gene72"	4	1	1	1	18008	0	0.72803	9.8874e-07	3.0161e-06	0.001008	54	4	0.72803
"Gene73"	4	1	1	1	18009	0	2.1965	9.248e-07	3.0161e-06	0.001008	53	4	2.1965
"Gene74"	4	1	1	1	18010	0	0.82316	8.3244e-07	2.4677e-06	0.000857	52	4	0.82316
"Gene75"	4	1	1	1	18011	0	1.4155	7.957e-07	2.4677e-06	0.000857	51	4	1.4155
"Gene76"	4	1	1	1	18012	0	1.2204	6.7358e-07	1.9193e-06	0.000707	48	4	1.2204
"Gene77"	4	1	1	1	18013	0	1.5442	7.5728e-07	2.4677e-06	0.000857	50	4	1.5442
"Gene78"	4	1	1	1	18014	0	0.8138	6.9409e-07	1.9193e-06	0.000707	49	4	0.8138
"Gene79"	4	1	1	1	18015	0	1.3065	6.6599e-07	1.9193e-06	0.000707	47	4	1.3065
"Gene80"	4	1	1	1	18016	0	0.9345	6.5292e-07	1.9193e-06	0.000707	45	4	0.9345
"Gene81"	4	1	1	1	18017	0	1.1765	6.3367e-07	1.9193e-06	0.000707	44	4	1.1765
"Gene82"	4	1	1	1	18018	0	0.6663	5.8442e-07	1.9193e-06	0.000707	43	4	0.6663
"Gene83"	4	1	1	1	18019	0	0.99843	5.7022e-07	1.9193e-06	0.000707	41	4	0.99843
"Gene84"	4	1	1	1	18020	0	0.72046	5.2145e-07	1.9193e-06	0.000707	38	4	0.72046
"Gene85"	4	1	1	1	18021	0	0.81524	5.2036e-07	1.9193e-06	0.000707	37	4	0.81524
"Gene86"	4	1	1	1	18022	0	1.9772	3.3632e-07	8.2257e-07	0.000437	32	4	1.9772
"Gene87"	4	1	1	1	18023	0	2.0357	4.5772e-07	1.3709e-06	0.000688	36	4	2.0357
"Gene88"	4	1	1	1	18024	0	1.542	4.1691e-07	1.3709e-06	0.000688	35	4	1.542
"Gene89"	4	1	1	1	18025	0	1.0479	3.7716e-07	8.2257e-07	0.000437	34	4	1.0479
"Gene90"	4	1	1	1	18026	0	1.1035	3.5366e-07	8.2257e-07	0.000437	33	4	1.1035
"Gene91"	4	1	1	1	18027	0	0.74569	3.1519e-07	8.2257e-07	0.000437	31	4	0.74569
"Gene92"	4	1	1	1	18028	0	0.74037	3.0848e-07	8.2257e-07	0.000437	30	4	0.74037
"Gene93"	4	1	1	1	18029	0	0.86811	2.5343e-07	8.2257e-07	0.000437	29	4	0.86811
"Gene94"	4	1	1	1	18030	0	0.89661	2.4649e-07	8.2257e-07	0.000437	28	4	0.89661
"Gene95"	4	1	1	1	18031	0	0.68169	1.7571e-07	2.7419e-07	0.00019	26	4	0.68169
"Gene96"	4	1	1	1	18032	0	0.86299	1.7091e-07	2.7419e-07	0.00019	25	4	0.86299
"Gene97"	4	1	1	1	18033	0	0.93593	1.1108e-07	2.7419e-07	0.00019	24	4	0.93593
"Gene98"	4	1	1	1	18034	0	1.1019	6.4097e-08	2.7419e-07	0.00019	23	4	1.1019
"Gene99"	3	1	1	1	18035	0	1.4694	5.4547e-08	2.7419e-07	0.00019	21	3	1.4694
"Gene100"	3	1	1	1	18036	0	1.7389	4.7555e-08	2.7419e-07	0.00019	20	3	1.7389
"Gene101"	4	1	1	1	18037	0	1.3112	2.9711e-08	2.7419e-07	0.00019	19	4	1.3112
"Gene102"	4	1	1	1	18038	0	1.432	2.9456e-08	2.7419e-07	0.00019	18	4	1.432
"Gene103"	4	1	1	1	18039	0	0.42202	2.6759e-08	2.7419e-07	0.00019	17	4	0.42202
"Gene104"	4	1	1	1	18040	0	1.2979	1.6591e-08	2.7419e-07	0.00019	16	4	1.2979
"Gene105"	4	1	1	1	18041	0	1.201	1.4923e-08	2.7419e-07	0.00019	15	4	1.201
"Gene106"	4	1	1	1	18042	0	1.2852	9.8606e-09	2.7419e-07	0.00019	14	4	1.2852
"Gene107"	4	1	1	1	18043	0	0.74756	7.1709e-09	2.7419e-07	0.00019	13	4	0.74756
"Gene108"	4	1	1	1	18044	0	1.2538	6.7407e-09	2.7419e-07	0.00019	12	4	1.2538
"Gene109"	4	1	1	1	18045	0	1.985	5.4571e-09	2.7419e-07	0.00019	11	4	1.985
"Gene110"	4	1	1	1	18046	0	1.5541	4.614e-09	2.7419e-07	0.00019	10	4	1.5541
"Gene111"	4	1	1	1	18047	0	1.91	2.3608e-09	2.7419e-07	0.00019	9	4	1.91
"Gene112"	4	1	1	1	18048	0	1.8142	9.6406e-10	2.7419e-07	0.00019	8	4	1.8142
"Gene113"	4	1	1	1	18049	0	1.2789	6.7975e-10	2.7419e-07	0.00019	7	4	1.2789
"Gene114"	4	1	1	1	18050	0	1.1374	6.7226e-10	2.7419e-07	0.00019	6	4	1.1374
"Gene115"	4	1	1	1	18051	0	0.91319	3.0349e-10	2.7419e-07	0.00019	5	4	0.91319
"Gene116"	4	1	1	1	18052	0	2.2053	2.3603e-10	2.7419e-07	0.00019	4	4	2.2053
"Gene117"	4	1	1	1	18053	0	1.0287	2.2599e-10	2.7419e-07	0.00019	3	4	1.0287
"Gene118"	4	1	1	1	18054	0	0.79881	1.6962e-10	2.7419e-07	0.00019	2	4	0.79881
"Gene119"	4	1	1	1	18055	0	1.8718	1.1432e-10	2.7419e-07	0.00019	1	4	1.8718
"Gene120"	4	0.12934	0.21015	1	3665	2	0.0070504	0.1	0.17336	1	2721	1	0.0070504
"Gene121"	4	0.99084	0.99096	1	17497	0	0.31035	0.033912	0.082276	0.905235	1619	3	0.31035
"Gene122"	4	0.43494	0.45342	1	7730	1	-0.073972	0.31112	0.38016	1	5870	1	-0.073972
"Gene123"	4	0.49711	0.50398	1	8646	1	-0.061666	0.89977	0.89943	1	15711	0	-0.061666
"Gene124"	4	0.2903	0.34954	1	5955	1	0.0383	0.069376	0.1321	1	2201	2	0.0383
"Gene125"	4	0.91386	0.91363	1	15899	0	0.080001	0.74443	0.74388	1	12655	0	0.080001
"Gene126"	4	0.70503	0.70427	1	12166	0	-0.052144	0.57034	0.57267	1	9433	1	-0.052144
"Gene127"	4	0.13523	0.21813	1	3781	1	-0.036788	0.86193	0.86153	1	14940	0	-0.036788
"Gene128"	4	0.56346	0.56336	1	9706	1	0.035818	0.72743	0.72691	1	12303	0	0.035818
"Gene129"	4	0.99947	0.99949	1	17845	0	0.3654	0.00052751	0.0019032	0.097896	350	4	0.3654
"Gene130"	4	0.54463	0.54572	1	9399	1	-0.090994	0.93407	0.93382	1	16427	0	-0.090994
"Gene131"	4	0.64526	0.64465	1	11124	0	0.44342	0.02394	0.059981	0.816089	1311	2	0.44342
"Gene132"	4	0.51282	0.51737	1	8891	1	-0.0099949	0.51656	0.52684	1	8553	1	-0.0099949
"Gene133"	4	0.047373	0.096251	0.928015	1849	2	-0.08423	0.50706	0.51916	1	8407	1	-0.08423
"Gene134"	4	0.070728	0.12934	0.971391	2379	1	-0.074954	0.88446	0.88399	1	15396	0	-0.074954
"Gene135"	4	0.99485	0.99495	1	17618	0	0.5167	0.00033276	0.0012018	0.073304	293	3	0.5167
"Gene136"	4	0.68507	0.68444	1	11811	0	0.096737	0.51479	0.52535	1	8526	1	0.096737
"Gene137"	4	0.056751	0.10954	0.948078	2065	2	-0.057321	0.066018	0.12748	1	2143	2	-0.057321
"Gene138"	4	0.018619	0.047481	0.831897	1013	3	-0.34424	0.97824	0.97833	1	17433	0	-0.34424
"Gene139"	4	0.96577	0.96568	1	16892	0	0.087961	0.3894	0.43172	1	6806	1	0.087961
"Gene140"	4	0.12362	0.20232	1	3548	1	-0.11187	0.9372	0.93704	1	16501	0	-0.11187
"Gene141"	4	0.80479	0.80438	1	13944	0	0.0026326	0.81327	0.81284	1	13972	0	0.0026326
"Gene142"	4	0.015248	0.039519	0.819785	857	3	-0.2506	0.87181	0.87141	1	15128	0	-0.2506
"Gene143"	4	0.22709	0.30942	1	5290	1	-0.072733	0.85307	0.85249	1	14763	0	-0.072733
"Gene144"	4	0.72234	0.72174	1	12480	0	-0.06066	0.35412	0.40775	1	6383	1	-0.06066
"Gene145"	4	0.55788	0.55806	1	9614	1	-0.03668	0.31628	0.38335	1	5917	1	-0.03668
"Gene146"	4	0.68968	0.689	1	11896	0	-0.1069	0.64375	0.64317	1	10735	0	-0.1069
"Gene147"	4	0.63767	0.63698	1	11014	0	0.14233	0.1211	0.20155	1	3102	2	0.14233
"Gene148"	4	0.19334	0.28898	1	4942	1	0.025764	0.52162	0.53098	1	8640	1	0.025764
"Gene149"	4	0.010293	0.027549	0.76287	645	3	-0.22807	0.77959	0.7791	1	13321	0	-0.22807
"Gene150"	4	0.89014	0.88974	1	15464	0	0.12514	0.44434	0.47095	1	7524	1	0.12514
"Gene151"	4	0.95613	0.956	1	16711	0	0.18439	0.086788	0.15561	1	2488	2	0.18439
"Gene152"	3	0.075537	0.12957	0.971391	2485	1	-0.13899	0.74385	0.74398	1	12646	0	-0.13899
"Gene153"	4	0.51051	0.51538	1	8845	1	-0.11044	0.93692	0.93676	1	16491	0	-0.11044
"Gene154"	4	0.88496	0.88447	1	15369	0	0.0016747	0.55426	0.55847	1	9163	1	0.0016747
"Gene155"	4	0.92358	0.92343	1	16086	0	0.10183	0.38631	0.42962	1	6764	1	0.10183
"Gene156"	4	0.90606	0.90575	1	15758	0	-0.001065	0.91543	0.91521	1	16031	0	-0.001065
"Gene157"	4	0.80982	0.80936	1	14030	0	0.030288	0.75486	0.7544	1	12839	0	0.030288
"Gene158"	4	0.14089	0.2259	1	3902	1	0.1096	0.20596	0.31364	1	4831	2	0.1096
"Gene159"	4	0.6397	0.63908	1	11045	0	0.074571	0.65276	0.65205	1	10899	0	0.074571
"Gene160"	4	0.54887	0.54961	1	9474	1	-0.1297	0.95077	0.95066	1	16826	0	-0.1297
"Gene161"	4	0.49967	0.50613	1	8681	1	0.017329	0.65288	0.65216	1	10903	0	0.017329
"Gene162"	4	0.25687	0.32808	1	5587	1	-0.099127	0.90873	0.90845	1	15902	0	-0.099127
"Gene163"	4	0.8428	0.84217	1	14611	0	0.14805	0.37888	0.42446	1	6679	1	0.14805
"Gene164"	4	0.56848	0.56811	1	9795	1	-0.061684	0.92034	0.92011	1	16121	0	-0.061684
"Gene165"	4	0.94255	0.9424	1	16432	0	0.037499	0.83881	0.83814	1	14464	0	0.037499
"Gene166"	4	0.80382	0.80337	1	13931	0	0.068857	0.15666	0.24871	1	3805	1	0.068857
"Gene167"	4	0.49691	0.50381	1	8644	1	-0.13314	0.91058	0.91034	1	15946	0	-0.13314
"Gene168"	4	0.2608	0.33053	1	5630	1	-0.058992	0.85127	0.85069	1	14729	0	-0.058992
"Gene169"	4	0.4222	0.44349	1	7547	1	-0.11621	0.98356	0.98363	1	17576	0	-0.11621
"Gene170"	4	0.63791	0.63724	1	11022	0	-0.076498	0.72441	0.72384	1	12253	0	-0.076498
"Gene171"	4	0.05149	0.10207	0.935646	1950	1	0.0084593	0.72762	0.72711	1	12307	0	0.0084593
"Gene172"	3	0.21746	0.25515	1	5192	1	-0.19226	0.55919	0.5594	1	9243	0	-0.19226
"Gene173"	4	0.99631	0.99638	1	17661	0	0.32026	0.043379	0.096489	0.966767	1783	2	0.32026
"Gene174"	4	0.18417	0.28352	1	4850	1	-0.09623	0.65345	0.6527	1	10915	0	-0.09623
"Gene175"	4	0.88532	0.88485	1	15381	0	0.076214	0.5906	0.5912	1	9767	1	0.076214
"Gene176"	4	0.81239	0.81196	1	14080	0	0.10491	0.48207	0.49953	1	8043	1	0.10491
"Gene177"	4	0.67786	0.6771	1	11690	0	0.0031645	0.85298	0.8524	1	14761	0	0.0031645
"Gene178"	4	0.856	0.85547	1	14847	0	0.092252	0.25143	0.34382	1	5275	1	0.092252
"Gene179"	3	0.075055	0.12881	0.971391	2475	1	-0.41534	0.79617	0.79614	1	13613	0	-0.41534
"Gene180"	4	0.4612	0.47421	1	8098	1	-0.094022	0.63906	0.63841	1	10644	0	-0.094022
"Gene181"	4	0.13426	0.21682	1	3759	2	-0.13203	0.74532	0.74479	1	12673	0	-0.13203
"Gene182"	4	0.98694	0.98702	1	17383	0	0.19643	0.021845	0.055163	0.782992	1258	3	0.19643
"Gene183"	4	0.36203	0.39875	1	6804	1	0.072318	0.70584	0.70507	1	11901	0	0.072318
"Gene184"	4	0.60253	0.60182	1	10397	0	0.36202	0.04392	0.097238	0.969917	1790	2	0.36202
"Gene185"	4	0.55558	0.55588	1	9575	1	0.03507	0.28276	0.36254	1	5587	1	0.03507
"Gene186"	4	0.074427	0.13451	0.977066	2459	2	0.2244	0.0061053	0.017775	0.424405	750	2	0.2244
"Gene187"	4	0.51196	0.51664	1	8875	1	-0.022716	0.32486	0.38872	1	6025	1	-0.022716
"Gene188"	4	0.9065	0.9062	1	15766	0	0.21081	0.05534	0.1128	1	1966	2	0.21081
"Gene189"	4	0.5651	0.56492	1	9734	1	-0.073266	0.48979	0.50549	1	8150	1	-0.073266
"Gene190"	4	0.61631	0.61561	1	10623	0	-0.092714	0.53046	0.53827	1	8788	1	-0.092714
"Gene191"	4	0.10729	0.17999	1	3202	1	-0.064531	0.58162	0.58296	1	9610	1	-0.064531
"Gene192"	4	0.51325	0.51773	1	8896	1	-0.03464	0.78442	0.78396	1	13404	0	-0.03464
"Gene193"	4	0.78599	0.78553	1	13623	0	-0.017996	0.68739	0.68672	1	11553	0	-0.017996
"Gene194"	4	0.88679	0.88636	1	15410	0	-0.0029357	0.067784	0.12993	1	2175	1	-0.0029357
"Gene195"	4	0.074946	0.13524	0.977497	2472	1	-0.081803	0.90046	0.90009	1	15726	0	-0.081803
"Gene196"	4	0.09267	0.15972	0.998355	2862	1	0.016966	0.40823	0.44479	1	7055	1	0.016966
"Gene197"	4	0.019914	0.050539	0.838868	1068	3	-0.34832	0.9652	0.96509	1	17136	0	-0.34832
"Gene198"	4	0.031839	0.07426	0.891211	1481	2	-0.18376	0.87679	0.87629	1	15233	0	-0.18376
"Gene199"	4	0.44609	0.4621	1	7888	1	-0.12786	0.52483	0.53367	1	8688	1	-0.12786
"Gene200"	4	0.88197	0.88146	1	15303	0	0.11728	0.18712	0.28892	1	4428	2	0.11728
"Gene201"	4	0.52434	0.52766	1	9065	1	0.21309	0.019479	0.049785	0.759178	1171	3	0.21309
"Gene202"	4	0.99854	0.99856	1	17770	0	0.71833	0.0014572	0.0052537	0.191482	494	4	0.71833
"Gene203"	4	0.017358	0.044531	0.82847	953	3	-0.29335	0.84507	0.84446	1	14589	0	-0.29335
"Gene204"	3	0.58892	0.58911	1	10148	0	-0.023935	0.47523	0.47692	1	7954	1	-0.023935
"Gene205"	4	0.099336	0.16892	0.998698	3019	2	-0.17387	0.42183	0.45455	1	7224	1	-0.17387
"Gene206"	4	0.78519	0.78472	1	13611	0	0.015658	0.77038	0.7699	1	13139	0	0.015658
"Gene207"	4	0.63215	0.63155	1	10917	0	0.076259	0.092257	0.16295	1	2577	2	0.076259
"Gene208"	4	0.96703	0.96694	1	16925	0	0.14025	0.26825	0.3538	1	5437	1	0.14025
"Gene209"	4	0.37571	0.40861	1	6969	1	-0.18476	0.64891	0.64831	1	10833	0	-0.18476
"Gene210"	4	0.97555	0.97553	1	17132	0	0.16445	0.060261	0.11953	1	2047	2	0.16445
"Gene211"	4	0.44797	0.4636	1	7917	1	0.027247	0.31636	0.38341	1	5918	1	0.027247
"Gene212"	3	0.35534	0.3656	1	6717	1	-0.05836	0.74748	0.74764	1	12717	0	-0.05836
"Gene213"	4	0.86324	0.86282	1	14975	0	0.036812	0.54909	0.55396	1	9080	1	0.036812
"Gene214"	4	0.75317	0.75278	1	13060	0	-0.016742	0.35498	0.40832	1	6392	1	-0.016742
"Gene215"	4	0.36065	0.39777	1	6785	1	-0.042703	0.75565	0.7552	1	12854	0	-0.042703
"Gene216"	3	0.18433	0.23067	1	4852	1	-0.14537	0.46312	0.46548	1	7774	1	-0.14537
"Gene217"	4	0.11726	0.1936	1	3412	1	0.0013629	0.21212	0.3212	1	4934	1	0.0013629
"Gene218"	4	0.705	0.70424	1	12165	0	0.2061	0.17501	0.27289	1	4171	2	0.2061
"Gene219"	3	0.51057	0.51064	1	8847	0	0.026832	0.34207	0.36112	1	6240	1	0.026832
"Gene220"	4	0.86376	0.86333	1	14985	0	0.050242	0.076597	0.14195	1	2312	1	0.050242
"Gene221"	4	0.71661	0.71591	1	12371	0	0.1324	0.073793	0.13815	1	2268	2	0.1324
"Gene222"	4	0.8146	0.81416	1	14115	0	0.007391	0.64811	0.6475	1	10817	0	0.007391
"Gene223"	4	0.94921	0.9491	1	16575	0	0.057405	0.5278	0.53609	1	8738	1	0.057405
"Gene224"	4	0.11273	0.18752	1	3324	2	-0.15509	0.95605	0.95592	1	16948	0	-0.15509
"Gene225"	4	0.48958	0.49762	1	8541	1	0.052967	0.76358	0.76311	1	13005	0	0.052967
"Gene226"	4	0.49397	0.50132	1	8598	1	0.072332	0.61496	0.61445	1	10213	1	0.072332
"Gene227"	4	0.76293	0.76247	1	13233	0	0.040529	0.093744	0.16492	1	2606	2	0.040529
"Gene228"	3	0.098546	0.16455	0.998355	3003	1	-0.16828	0.82893	0.82881	1	14278	0	-0.16828
"Gene229"	4	0.74726	0.74678	1	12945	0	0.12698	0.56881	0.57132	1	9408	1	0.12698
"Gene230"	4	0.48117	0.49061	1	8417	1	0.066256	0.010832	0.029254	0.563685	930	1	0.066256
"Gene231"	4	0.9954	0.99549	1	17630	0	0.48991	0.015973	0.041559	0.687765	1082	3	0.48991
"Gene232"	1	0.83993	0.84039	1	14568	0	0.21418	0.16007	0.15988	1	3869	1	0.21418
"Gene233"	4	0.043442	0.090816	0.926687	1741	2	-0.20717	0.46641	0.48747	1	7823	1	-0.20717
"Gene234"	4	0.0061317	0.01731	0.682172	454	3	-0.31081	0.99568	0.99577	1	17839	0	-0.31081
"Gene235"	4	0.75735	0.75688	1	13130	0	0.10378	0.1629	0.25694	1	3916	2	0.10378
"Gene236"	4	0.98797	0.98806	1	17412	0	1.0468	0.0014594	0.0052603	0.191482	495	3	1.0468
"Gene237"	4	0.016215	0.041839	0.824674	904	3	-0.27071	0.71878	0.71811	1	12141	0	-0.27071
"Gene238"	4	0.60026	0.59958	1	10355	0	-0.072317	0.76505	0.76456	1	13038	0	-0.072317
"Gene239"	4	0.025211	0.062757	0.862133	1293	1	-0.09053	0.43372	0.46323	1	7363	1	-0.09053
"Gene240"	2	0.70767	0.70727	1	12216	0	0.43483	0.18737	0.20188	1	4433	1	0.43483
"Gene241"	4	0.080635	0.1432	0.98909	2593	2	-0.18087	0.54725	0.55237	1	9053	1	-0.18087
"Gene242"	4	0.91089	0.91067	1	15849	0	0.13489	0.14427	0.23236	1	3544	2	0.13489
"Gene243"	4	0.18008	0.27897	1	4765	1	-0.098663	0.69108	0.69039	1	11622	0	-0.098663
"Gene244"	4	0.71692	0.71621	1	12377	0	-0.020454	0.5634	0.56652	1	9324	1	-0.020454
"Gene245"	4	0.36271	0.39927	1	6815	1	-0.053612	0.25193	0.34414	1	5279	1	-0.053612
"Gene246"	4	0.94376	0.94363	1	16456	0	0.17217	0.18563	0.28698	1	4394	2	0.17217
"Gene247"	4	0.36037	0.39755	1	6779	1	-0.020553	0.8011	0.80068	1	13709	0	-0.020553
"Gene248"	4	0.35298	0.39222	1	6693	1	-0.10046	0.56374	0.5668	1	9329	1	-0.10046
"Gene249"	4	0.96297	0.96284	1	16828	0	0.13404	0.15615	0.24807	1	3791	2	0.13404
"Gene250"	4	0.55518	0.55551	1	9569	1	0.08606	0.49806	0.51198	1	8269	1	0.08606
"Gene251"	4	0.091356	0.15794	0.998147	2830	1	0.016062	0.68003	0.67928	1	11417	0	0.016062
"Gene252"	4	0.16621	0.26022	1	4454	2	-0.15143	0.90239	0.90201	1	15766	0	-0.15143
"Gene253"	4	0.10907	0.18251	1	3240	2	-0.10373	0.80527	0.80486	1	13809	0	-0.10373
"Gene254"	4	0.91207	0.9119	1	15871	0	0.070695	0.80321	0.80276	1	13754	0	0.070695
"Gene255"	4	0.7067	0.70596	1	12197	0	-0.10758	0.97995	0.98004	1	17487	0	-0.10758
"Gene256"	4	0.55117	0.55177	1	9508	1	-0.10145	0.27595	0.35842	1	5514	1	-0.10145
"Gene257"	4	0.76652	0.76602	1	13297	0	0.56468	0.007589	0.021418	0.468323	817	2	0.56468
"Gene258"	4	0.48193	0.49126	1	8428	1	-0.12093	0.88015	0.87962	1	15305	0	-0.12093
"Gene259"	4	0.0014436	0.0052066	0.449784	205	3	-0.37502	0.79317	0.79275	1	13554	0	-0.37502
"Gene260"	4	0.006965	0.019364	0.701648	491	3	-0.31178	0.9795	0.97959	1	17472	0	-0.31178
"Gene261"	4	0.017018	0.043725	0.826722	942	2	-0.20321	0.98493	0.985	1	17612	0	-0.20321
"Gene262"	4	0.15408	0.24386	1	4193	1	0.83195	0.00064901	0.0023556	0.114407	370	2	0.83195
"Gene263"	4	0.56015	0.56021	1	9650	1	0.13375	0.15621	0.24814	1	3792	2	0.13375
"Gene264"	4	0.17989	0.2787	1	4760	1	0.074369	0.74501	0.74447	1	12666	0	0.074369
"Gene265"	4	0.56316	0.56306	1	9701	1	-0.0098433	0.53605	0.54292	1	8878	1	-0.0098433
"Gene266"	4	0.69604	0.69525	1	12003	0	0.045564	0.82086	0.82035	1	14116	0	0.045564
"Gene267"	4	0.38514	0.41562	1	7086	1	0.10782	0.18814	0.29022	1	4454	1	0.10782
"Gene268"	4	0.84361	0.84298	1	14627	0	0.37981	0.0030861	0.010243	0.296863	622	3	0.37981
"Gene269"	4	0.087037	0.15195	0.994177	2738	2	-0.21912	0.8877	0.88727	1	15454	0	-0.21912
"Gene270"	4	0.24207	0.31873	1	5446	1	-0.052742	0.43069	0.46098	1	7326	1	-0.052742
"Gene271"	4	0.97658	0.97662	1	17155	0	0.13675	0.53953	0.54588	1	8931	1	0.13675
"Gene272"	4	0.08503	0.14924	0.992309	2689	1	-0.085971	0.46799	0.48865	1	7847	1	-0.085971
"Gene273"	4	0.70892	0.70818	1	12238	0	0.0052283	0.38557	0.42909	1	6753	1	0.0052283
"Gene274"	4	0.0084494	0.022989	0.721454	563	3	-0.24528	0.92051	0.92029	1	16126	0	-0.24528
"Gene275"	4	0.024136	0.060296	0.859233	1254	2	-0.17177	0.85711	0.85663	1	14837	0	-0.17177
"Gene276"	4	0.86049	0.86002	1	14929	0	0.088198	0.67793	0.67718	1	11371	0	0.088198
"Gene277"	4	0.94017	0.94004	1	16393	0	0.10054	0.59437	0.59478	1	9833	1	0.10054
"Gene278"	4	0.44514	0.46138	1	7873	1	0.059513	0.57681	0.57855	1	9543	1	0.059513
"Gene279"	4	0.56772	0.56741	1	9781	1	0.13388	0.18657	0.28821	1	4417	2	0.13388
"Gene280"	4	0.29065	0.34975	1	5961	1	0.11199	0.10686	0.18259	1	2844	2	0.11199
"Gene281"	4	0.38576	0.41605	1	7093	1	-0.048749	0.1754	0.27339	1	4185	1	-0.048749
"Gene282"	4	0.20282	0.29462	1	5042	1	0.026272	0.40559	0.44299	1	7026	1	0.026272
"Gene283"	4	0.54585	0.54685	1	9421	1	-0.083793	0.77007	0.76958	1	13133	0	-0.083793
"Gene284"	4	0.52012	0.52386	1	9004	1	-0.0083876	0.34042	0.39874	1	6222	1	-0.0083876
"Gene285"	4	0.83644	0.83582	1	14515	0	0.18046	0.024435	0.061116	0.819781	1326	2	0.18046
"Gene286"	4	0.099113	0.16862	0.998698	3015	2	-0.11749	0.082649	0.15015	1	2411	1	-0.11749
"Gene287"	4	0.97436	0.97432	1	17099	0	0.20621	0.12901	0.21206	1	3243	2	0.20621
"Gene288"	4	0.13198	0.2137	1	3714	2	-0.17708	0.91541	0.9152	1	16030	0	-0.17708
"Gene289"	4	0.015216	0.039442	0.819785	853	2	-0.20903	0.40708	0.44402	1	7040	1	-0.20903
"Gene290"	4	0.88351	0.88303	1	15338	0	0.080925	0.29644	0.3709	1	5727	1	0.080925
"Gene291"	4	0.028145	0.069012	0.873766	1407	1	0.010886	0.3314	0.39295	1	6102	1	0.010886
"Gene292"	4	0.08135	0.1442	0.990955	2604	2	-0.16859	0.81924	0.81876	1	14088	0	-0.16859
"Gene293"	4	0.49404	0.50138	1	8599	1	-0.17921	0.44692	0.47287	1	7554	1	-0.17921
"Gene294"	4	0.86018	0.85972	1	14924	0	-0.022077	0.43924	0.46721	1	7439	1	-0.022077
"Gene295"	4	0.17839	0.27667	1	4725	2	-0.11073	0.80391	0.80346	1	13773	0	-0.11073
"Gene296"	4	0.555	0.55534	1	9565	1	0.10208	0.27102	0.35544	1	5466	1	0.10208
"Gene297"	4	0.12909	0.20978	1	3662	2	-0.092177	0.6563	0.65561	1	10969	0	-0.092177
"Gene298"	4	0.53427	0.53641	1	9226	1	0.00051064	0.68599	0.68537	1	11523	0	0.00051064
"Gene299"	4	0.53011	0.53271	1	9160	1	-0.11134	0.83644	0.83582	1	14429	0	-0.11134
"Gene300"	4	0.26476	0.33302	1	5669	1	0.026456	0.53621	0.54305	1	8881	1	0.026456
"Gene301"	4	0.9165	0.91629	1	15949	0	0.0090527	0.56216	0.56541	1	9297	1	0.0090527
"Gene302"	4	0.1718	0.2678	1	4568	2	-0.095546	0.95881	0.95871	1	17003	0	-0.095546
"Gene303"	4	0.57932	0.57871	1	9988	1	0.24707	0.026967	0.066763	0.840001	1423	3	0.24707
"Gene304"	4	0.99348	0.9936	1	17569	0	0.36805	0.033466	0.081298	0.902168	1605	3	0.36805
"Gene305"	4	0.79213	0.7917	1	13738	0	0.12399	0.039902	0.091734	0.944589	1731	2	0.12399
"Gene306"	4	0.49836	0.50506	1	8660	1	-0.043041	0.33186	0.39327	1	6106	1	-0.043041
"Gene307"	4	0.56534	0.56515	1	9740	1	0.065314	0.642	0.64143	1	10699	0	0.065314
"Gene308"	4	0.40126	0.42764	1	7288	1	0.050342	0.19766	0.30276	1	4650	2	0.050342
"Gene309"	4	0.50925	0.51432	1	8831	1	-0.12448	0.83901	0.83834	1	14469	0	-0.12448
"Gene310"	4	0.0023356	0.0077182	0.519139	266	3	-0.43793	0.99791	0.99794	1	17917	0	-0.43793
"Gene311"	4	0.077689	0.13909	0.984262	2532	2	-0.10935	0.68495	0.6843	1	11503	0	-0.10935
"Gene312"	4	0.35968	0.39706	1	6769	1	-0.050914	0.42925	0.45993	1	7313	1	-0.050914
"Gene313"	4	0.13993	0.22459	1	3878	1	-0.0036647	0.82554	0.82492	1	14204	0	-0.0036647
"Gene314"	4	0.90804	0.90776	1	15798	0	0.13135	0.091356	0.16176	1	2558	2	0.13135
"Gene315"	4	0.75287	0.75249	1	13055	0	-0.06528	0.87358	0.87313	1	15161	0	-0.06528
"Gene316"	4	0.71788	0.71721	1	12396	0	-0.060935	0.8746	0.87413	1	15184	0	-0.060935
"Gene317"	4	0.033498	0.076665	0.895604	1521	1	-0.10112	0.5048	0.51731	1	8370	1	-0.10112
"Gene318"	4	0.94397	0.94382	1	16460	0	0.25719	0.011133	0.029988	0.571526	940	2	0.25719
"Gene319"	4	0.30362	0.35834	1	6097	1	-0.084231	0.98178	0.98185	1	17534	0	-0.084231
"Gene320"	4	0.91519	0.91498	1	15919	0	0.029676	0.537	0.54372	1	8896	1	0.029676
"Gene321"	4	0.511	0.51581	1	8855	1	-0.13002	0.66668	0.66604	1	11164	0	-0.13002
"Gene322"	3	0.028019	0.054805	0.838868	1405	2	-0.65676	0.96949	0.96969	1	17231	0	-0.65676
"Gene323"	4	0.05968	0.11369	0.956671	2121	2	-0.55322	0.89422	0.89385	1	15601	0	-0.55322
"Gene324"	4	0.53066	0.53318	1	9173	1	0.11588	0.099792	0.17308	1	2718	1	0.11588
"Gene325"	4	0.63722	0.63654	1	11006	0	-0.011231	0.63446	0.63382	1	10560	0	-0.011231
"Gene326"	4	0.0031884	0.0099062	0.567848	311	2	-0.091263	0.85795	0.85751	1	14853	0	-0.091263
"Gene327"	4	0.78635	0.78594	1	13636	0	0.029464	0.12296	0.20401	1	3136	1	0.029464
"Gene328"	4	0.35689	0.39502	1	6734	1	-0.059538	0.54337	0.5491	1	8993	1	-0.059538
"Gene329"	4	0.053662	0.10518	0.941637	1995	2	-0.41987	0.54794	0.55299	1	9061	1	-0.41987
"Gene330"	4	0.083297	0.14689	0.992309	2641	2	-0.14487	0.94026	0.94012	1	16566	0	-0.14487
"Gene331"	4	0.070675	0.12927	0.971391	2377	1	-0.029021	0.36098	0.41237	1	6462	1	-0.029021
"Gene332"	4	0.86829	0.86782	1	15073	0	-0.008095	0.78396	0.78352	1	13396	0	-0.008095
"Gene333"	4	0.59414	0.59339	1	10233	0	0.02968	0.85994	0.85947	1	14891	0	0.02968
"Gene334"	4	0.4906	0.49851	1	8555	1	-0.11907	0.94656	0.94646	1	16714	0	-0.11907
"Gene335"	4	0.36881	0.40365	1	6887	1	-0.088051	0.80547	0.80507	1	13812	0	-0.088051
"Gene336"	4	0.82875	0.82809	1	14382	0	0.044503	0.46471	0.48616	1	7795	1	0.044503
"Gene337"	3	0.89898	0.89907	1	15613	0	0.024093	0.37211	0.3858	1	6594	1	0.024093
"Gene338"	4	0.39551	0.42336	1	7214	1	-0.14122	0.91809	0.91786	1	16080	0	-0.14122
"Gene339"	4	0.048718	0.098081	0.931044	1881	2	-0.12416	0.97715	0.97723	1	17408	0	-0.12416
"Gene340"	4	0.074951	0.13524	0.977497	2473	2	-0.20316	0.86134	0.86088	1	14923	0	-0.20316
"Gene341"	4	0.47767	0.48772	1	8364	1	0.066223	0.20492	0.31226	1	4808	1	0.066223
"Gene342"	4	0.40994	0.43405	1	7391	1	-0.04275	0.090251	0.16025	1	2542	1	-0.04275
"Gene343"	4	0.14266	0.2283	1	3939	2	-0.12661	0.29261	0.36855	1	5688	1	-0.12661
"Gene344"	4	0.18324	0.28296	1	4843	1	0.20391	0.03489	0.084433	0.911741	1646	3	0.20391
"Gene345"	4	0.70285	0.70208	1	12125	0	0.047559	0.67631	0.67554	1	11347	0	0.047559
"Gene346"	4	0.091483	0.15812	0.998147	2834	2	-0.31567	0.25647	0.34686	1	5327	1	-0.31567
"Gene347"	4	0.19142	0.28784	1	4924	1	-0.11557	0.76551	0.76499	1	13050	0	-0.11557
"Gene348"	4	0.79464	0.79421	1	13785	0	0.095098	0.22811	0.33028	1	5074	1	0.095098
"Gene349"	4	0.68972	0.68904	1	11897	0	-0.032906	0.79892	0.79856	1	13670	0	-0.032906
"Gene350"	4	0.021992	0.055293	0.838868	1173	3	-0.23449	0.099426	0.17257	1	2712	1	-0.23449
"Gene351"	4	0.95273	0.95258	1	16638	0	0.11427	0.61175	0.61129	1	10151	1	0.11427
"Gene352"	4	0.58519	0.58449	1	10083	1	-0.090029	0.96108	0.96095	1	17047	0	-0.090029
"Gene353"	4	0.83487	0.8343	1	14488	0	0.24797	0.024842	0.062043	0.823232	1343	3	0.24797
"Gene354"	4	0.35794	0.39579	1	6746	1	-0.0077916	0.5118	0.52289	1	8487	1	-0.0077916
"Gene355"	4	0.25007	0.32374	1	5525	1	-0.10567	0.50952	0.52107	1	8447	1	-0.10567
"Gene356"	4	0.92778	0.92749	1	16165	0	0.1899	0.020577	0.052304	0.772792	1209	2	0.1899
"Gene357"	4	0.15915	0.25069	1	4311	2	-0.15718	0.89659	0.89626	1	15647	0	-0.15718
"Gene358"	4	0.13811	0.22213	1	3834	2	-0.16468	0.38749	0.43042	1	6782	1	-0.16468
"Gene359"	4	0.77502	0.77448	1	13453	0	0.27259	0.021426	0.054188	0.77833	1244	3	0.27259
"Gene360"	4	0.95718	0.95708	1	16726	0	0.098067	0.73838	0.73785	1	12528	0	0.098067
"Gene361"	4	0.41434	0.43741	1	7448	1	0.016587	0.17124	0.26793	1	4078	1	0.016587
"Gene362"	4	0.6789	0.67815	1	11706	0	-0.038286	0.17701	0.27552	1	4208	1	-0.038286
"Gene363"	4	0.77179	0.77132	1	13398	0	0.074368	0.36049	0.41203	1	6455	1	0.074368
"Gene364"	4	0.20482	0.29583	1	5065	1	0.065633	0.20304	0.30983	1	4764	2	0.065633
"Gene365"	4	0.67851	0.67775	1	11700	0	0.028735	0.85583	0.8553	1	14814	0	0.028735
"Gene366"	4	0.45032	0.46548	1	7950	1	-0.015515	0.33311	0.39406	1	6126	1	-0.015515
"Gene367"	4	0.5779	0.57732	1	9962	1	-0.015778	0.86774	0.86726	1	15053	0	-0.015778
"Gene368"	4	0.24966	0.32349	1	5522	1	-0.066687	0.76488	0.7644	1	13034	0	-0.066687
"Gene369"	4	0.99399	0.99411	1	17587	0	0.38432	0.0076912	0.021645	0.470273	824	3	0.38432
"Gene370"	4	0.56525	0.56507	1	9737	1	-0.007116	0.60594	0.60573	1	10031	1	-0.007116
"Gene371"	4	0.061927	0.11684	0.96192	2168	1	-0.038536	0.63629	0.63561	1	10590	0	-0.038536
"Gene372"	4	0.57923	0.57863	1	9987	1	-0.00010441	0.70032	0.69954	1	11802	0	-0.00010441
"Gene373"	4	0.098611	0.16789	0.998698	3006	2	-0.10414	0.8306	0.82994	1	14314	0	-0.10414
"Gene374"	4	0.32595	0.37341	1	6359	1	0.12912	0.17574	0.27384	1	4192	1	0.12912
"Gene375"	4	0.29235	0.35085	1	5979	1	0.035226	0.46535	0.48664	1	7806	1	0.035226
"Gene376"	4	0.42698	0.44715	1	7608	1	-0.078553	0.39252	0.43389	1	6846	1	-0.078553
"Gene377"	4	0.87492	0.87443	1	15186	0	0.05781	0.52548	0.53419	1	8700	1	0.05781
"Gene378"	4	0.59715	0.59643	1	10299	0	-0.056188	0.87255	0.87211	1	15140	0	-0.056188
"Gene379"	4	0.00069483	0.0025343	0.344958	132	4	-0.3853	0.99931	0.99932	1	17980	0	-0.3853
"Gene380"	4	0.98541	0.98547	1	17353	0	0.18459	0.028543	0.0703	0.85472	1470	3	0.18459
"Gene381"	4	0.73014	0.72962	1	12627	0	0.27135	0.028311	0.069765	0.853722	1462	2	0.27135
"Gene382"	4	0.57906	0.57844	1	9984	1	0.22929	0.11857	0.19817	1	3064	2	0.22929
"Gene383"	4	0.062843	0.11814	0.96332	2190	2	-0.18494	0.99633	0.9964	1	17862	0	-0.18494
"Gene384"	4	0.01614	0.041655	0.82387	899	3	-0.2797	0.90176	0.90136	1	15753	0	-0.2797
"Gene385"	4	0.72636	0.72584	1	12551	0	-0.081672	0.80076	0.80035	1	13703	0	-0.081672
"Gene386"	4	0.58033	0.57971	1	10007	1	0.0056915	0.70914	0.70841	1	11960	0	0.0056915
"Gene387"	4	0.9979	0.99793	1	17736	0	0.45038	0.0021049	0.0075635	0.249196	546	4	0.45038
"Gene388"	4	0.65201	0.65129	1	11242	0	-0.012375	0.14853	0.238	1	3629	1	-0.012375
"Gene389"	4	0.69269	0.69197	1	11948	0	-0.0058644	0.27217	0.35615	1	5477	1	-0.0058644
"Gene390"	4	0.02038	0.051629	0.838868	1091	2	-0.20046	0.88558	0.88512	1	15415	0	-0.20046
"Gene391"	2	0.7957	0.79508	1	13798	0	0.69011	0.02391	0.044233	0.709253	1309	1	0.69011
"Gene392"	4	0.047684	0.096703	0.929694	1857	1	-0.033473	0.87313	0.87269	1	15152	0	-0.033473
"Gene393"	4	0.58027	0.57966	1	10005	1	0.10885	0.1991	0.30461	1	4683	2	0.10885
"Gene394"	4	0.016891	0.043408	0.826717	935	3	-0.22779	0.88899	0.88854	1	15487	0	-0.22779
"Gene395"	4	0.45757	0.47132	1	8052	1	-0.039745	0.79495	0.79453	1	13584	0	-0.039745
"Gene396"	4	0.99951	0.99953	1	17851	0	1.3075	1.3748e-05	5.0177e-05	0.008547	106	4	1.3075
"Gene397"	4	0.56005	0.56012	1	9646	1	-0.013353	0.61513	0.61461	1	10216	1	-0.013353
"Gene398"	4	0.025045	0.06238	0.862133	1285	2	-0.26659	0.98569	0.98576	1	17632	0	-0.26659
"Gene399"	4	0.68621	0.68556	1	11832	0	-0.051897	0.82372	0.82317	1	14169	0	-0.051897
"Gene400"	4	0.39228	0.42089	1	7169	1	0.0090788	0.85969	0.85923	1	14886	0	0.0090788
"Gene401"	4	0.97589	0.97591	1	17136	0	0.11291	0.39084	0.43271	1	6825	1	0.11291
"Gene402"	4	0.50842	0.51364	1	8822	1	0.14895	0.14302	0.23067	1	3529	2	0.14895
"Gene403"	4	0.43003	0.44956	1	7658	1	-0.13006	0.96175	0.96163	1	17068	0	-0.13006
"Gene404"	4	0.67307	0.67243	1	11607	0	0.049191	0.48372	0.5008	1	8063	1	0.049191
"Gene405"	3	0.10785	0.17645	1	3213	1	-0.017633	0.84966	0.84957	1	14690	0	-0.017633
"Gene406"	4	0.5349	0.53697	1	9235	1	-0.071939	0.36352	0.41408	1	6496	1	-0.071939
"Gene407"	4	0.0038213	0.011514	0.592268	349	3	-0.36574	0.90639	0.90609	1	15858	0	-0.36574
"Gene408"	4	0.097905	0.16692	0.998355	2983	2	-0.30447	0.90929	0.90904	1	15917	0	-0.30447
"Gene409"	4	0.73063	0.73011	1	12639	0	-0.031902	0.76139	0.76093	1	12963	0	-0.031902
"Gene410"	4	0.10108	0.17134	0.998824	3060	2	-0.14724	0.73035	0.72983	1	12361	0	-0.14724
"Gene411"	4	0.070086	0.12844	0.971391	2362	1	-0.084727	0.61136	0.61091	1	10143	1	-0.084727
"Gene412"	4	0.42415	0.44496	1	7576	1	-0.050392	0.67229	0.67165	1	11262	0	-0.050392
"Gene413"	4	0.33744	0.38134	1	6500	1	0.094178	0.13941	0.22591	1	3443	2	0.094178
"Gene414"	4	0.047005	0.095759	0.928015	1839	2	-0.076542	0.31534	0.38275	1	5908	1	-0.076542
"Gene415"	4	0.71144	0.71067	1	12289	0	0.17083	0.056044	0.11376	1	1977	2	0.17083
"Gene416"	4	0.66915	0.66852	1	11548	0	0.18161	0.17126	0.26797	1	4079	2	0.18161
"Gene417"	4	0.11003	0.18387	1	3258	2	-0.104	0.91536	0.91516	1	16028	0	-0.104
"Gene418"	2	0.012655	0.023935	0.725422	745	2	-0.31142	0.98734	0.98717	1	17663	0	-0.31142
"Gene419"	4	0.98372	0.98378	1	17311	0	0.23211	0.063098	0.12344	1	2094	2	0.23211
"Gene420"	4	0.16195	0.25451	1	4365	2	-0.21357	0.97077	0.9707	1	17263	0	-0.21357
"Gene421"	4	0.69157	0.69087	1	11932	0	-0.0067466	0.82133	0.82081	1	14123	0	-0.0067466
"Gene422"	4	0.68262	0.68191	1	11769	0	-0.021231	0.67597	0.67521	1	11341	0	-0.021231
"Gene423"	4	0.39461	0.42266	1	7204	1	-0.00020485	0.65797	0.65727	1	10999	0	-0.00020485
"Gene424"	4	0.75655	0.75611	1	13117	0	-0.076079	0.7324	0.73193	1	12408	0	-0.076079
"Gene425"	4	0.13867	0.22291	1	3851	2	-0.17071	0.80334	0.80291	1	13758	0	-0.17071
"Gene426"	4	0.019211	0.048892	0.836981	1040	2	-0.18672	0.97447	0.97444	1	17340	0	-0.18672
"Gene427"	4	0.94102	0.94087	1	16408	0	0.0544	0.62381	0.62323	1	10363	1	0.0544
"Gene428"	4	0.51008	0.51501	1	8841	1	0.082431	0.23641	0.33507	1	5154	1	0.082431
"Gene429"	4	0.8577	0.85724	1	14877	0	0.22203	0.083463	0.15124	1	2420	2	0.22203
"Gene430"	4	0.15788	0.24899	1	4290	2	-0.21674	0.19761	0.3027	1	4648	1	-0.21674
"Gene431"	4	0.18123	0.28055	1	4792	2	-0.13873	0.46524	0.48655	1	7804	1	-0.13873
"Gene432"	4	0.009456	0.025488	0.74584	610	3	-0.33727	0.99718	0.99721	1	17889	0	-0.33727
"Gene433"	4	0.50806	0.51333	1	8816	1	-0.056738	0.28811	0.3658	1	5642	1	-0.056738
"Gene434"	4	0.39983	0.4266	1	7268	1	-0.050271	0.53328	0.5406	1	8835	1	-0.050271
"Gene435"	4	0.29627	0.35344	1	6019	1	-0.0078191	0.27235	0.35624	1	5479	1	-0.0078191
"Gene436"	4	0.15148	0.24031	1	4129	1	0.022756	0.61554	0.61501	1	10225	1	0.022756
"Gene437"	4	0.14903	0.23698	1	4072	2	-0.17012	0.17716	0.27571	1	4210	1	-0.17012
"Gene438"	4	0.99716	0.99719	1	17692	0	0.34316	0.013298	0.035135	0.629327	1001	3	0.34316
"Gene439"	4	0.23525	0.31451	1	5372	1	-0.025551	0.61089	0.61044	1	10132	1	-0.025551
"Gene440"	4	0.69892	0.69817	1	12053	0	0.17146	0.10505	0.18014	1	2816	2	0.17146
"Gene441"	4	0.63738	0.6367	1	11009	0	-0.063349	0.68426	0.68362	1	11491	0	-0.063349
"Gene442"	4	0.62748	0.62694	1	10827	0	0.045981	0.82394	0.82339	1	14171	0	0.045981
"Gene443"	4	0.53852	0.54023	1	9289	1	0.14795	0.17394	0.27149	1	4147	2	0.14795
"Gene444"	4	0.97021	0.97012	1	16989	0	0.26788	0.045286	0.099051	0.978614	1808	2	0.26788
"Gene445"	4	0.6432	0.64264	1	11086	0	0.017997	0.89241	0.892	1	15563	0	0.017997
"Gene446"	4	0.11716	0.19347	1	3410	1	0.25066	0.060742	0.12017	1	2058	2	0.25066
"Gene447"	4	0.89566	0.8953	1	15559	0	0.25084	0.026123	0.064896	0.833356	1390	3	0.25084
"Gene448"	4	0.0056098	0.015994	0.666922	430	1	0.065872	0.62791	0.62735	1	10442	1	0.065872
"Gene449"	4	0.47143	0.48252	1	8255	1	-0.11733	0.67529	0.67454	1	11327	0	-0.11733
"Gene450"	4	0.30787	0.36119	1	6138	1	0.00053359	0.19543	0.29986	1	4608	2	0.00053359
"Gene451"	4	0.74635	0.74584	1	12927	0	0.019191	0.39318	0.43435	1	6856	1	0.019191
"Gene452"	4	0.63228	0.6317	1	10920	0	0.010953	0.53178	0.53934	1	8806	1	0.010953
"Gene453"	4	0.9822	0.98227	1	17281	0	0.14678	0.11789	0.19726	1	3045	2	0.14678
"Gene454"	4	0.5599	0.55995	1	9643	1	-0.12895	0.86036	0.8599	1	14901	0	-0.12895
"Gene455"	3	0.62699	0.6273	1	10816	0	-0.10217	0.81594	0.81579	1	14027	0	-0.10217
"Gene456"	4	0.71395	0.71319	1	12327	0	-0.12329	0.93109	0.93079	1	16359	0	-0.12329
"Gene457"	4	0.53544	0.53744	1	9239	1	0.1779	0.17197	0.26892	1	4100	2	0.1779
"Gene458"	4	0.85163	0.85104	1	14768	0	0.037365	0.48486	0.50167	1	8078	1	0.037365
"Gene459"	4	0.66739	0.66677	1	11517	0	-0.054025	0.81589	0.81547	1	14026	0	-0.054025
"Gene460"	4	0.99067	0.99077	1	17495	0	0.21959	0.061709	0.12151	1	2076	2	0.21959
"Gene461"	4	0.044029	0.091648	0.926687	1757	1	0.035491	0.80532	0.80491	1	13810	0	0.035491
"Gene462"	4	0.4189	0.44092	1	7501	1	0.073849	0.25665	0.34697	1	5330	1	0.073849
"Gene463"	4	0.14145	0.22664	1	3911	1	-0.1582	0.97337	0.97332	1	17318	0	-0.1582
"Gene464"	4	0.41241	0.43594	1	7420	1	0.067419	0.19875	0.30414	1	4676	2	0.067419
"Gene465"	4	0.92615	0.92593	1	16138	0	0.16381	0.36154	0.41275	1	6469	1	0.16381
"Gene466"	4	0.3829	0.41393	1	7057	1	0.047547	0.57193	0.57409	1	9458	1	0.047547
"Gene467"	4	0.13939	0.22388	1	3868	2	-0.26265	0.30993	0.3794	1	5859	1	-0.26265
"Gene468"	4	0.688	0.68731	1	11866	0	-0.038859	0.74155	0.74102	1	12594	0	-0.038859
"Gene469"	4	0.73404	0.73353	1	12707	0	-0.034832	0.063273	0.12368	1	2098	1	-0.034832
"Gene470"	4	0.99272	0.99284	1	17551	0	1.2711	9.3687e-05	0.0003452	0.029041	213	2	1.2711
"Gene471"	4	0.23419	0.31384	1	5366	1	-0.15187	0.48517	0.50192	1	8081	1	-0.15187
"Gene472"	4	0.8562	0.85568	1	14852	0	0.2738	0.0067486	0.019356	0.442706	783	3	0.2738
"Gene473"	4	0.00064474	0.0023391	0.329943	128	4	-0.32211	0.99936	0.99937	1	17983	0	-0.32211
"Gene474"	4	0.50849	0.5137	1	8823	1	-0.1069	0.7515	0.75108	1	12787	0	-0.1069
"Gene475"	4	0.52982	0.53247	1	9156	1	-0.0729	0.79433	0.79392	1	13572	0	-0.0729
"Gene476"	4	0.66762	0.66699	1	11519	0	-0.098921	0.92782	0.92753	1	16300	0	-0.098921
"Gene477"	3	0.056345	0.09993	0.933866	2052	2	-0.23571	0.3411	0.36036	1	6232	1	-0.23571
"Gene478"	4	0.0041462	0.012323	0.603598	366	2	-0.27841	0.78791	0.7875	1	13466	0	-0.27841
"Gene479"	4	0.32221	0.37081	1	6317	1	-0.090835	0.96215	0.96204	1	17081	0	-0.090835
"Gene480"	4	0.99752	0.99755	1	17710	0	0.21138	0.029321	0.072057	0.866165	1487	3	0.21138
"Gene481"	4	0.11697	0.19323	1	3405	2	-0.23358	0.85262	0.85202	1	14754	0	-0.23358
"Gene482"	4	0.98692	0.987	1	17382	0	0.13915	0.18164	0.28168	1	4304	2	0.13915
"Gene483"	1	0.52508	0.52513	1	9079	0	0.017239	0.47492	0.4752	1	7946	0	0.017239
"Gene484"	4	0.61208	0.61133	1	10544	0	0.037211	0.074146	0.13864	1	2273	1	0.037211
"Gene485"	4	0.32427	0.37224	1	6342	1	0.038314	0.51732	0.52744	1	8565	1	0.038314
"Gene486"	4	0.66096	0.66027	1	11404	0	0.12489	0.12192	0.20262	1	3123	2	0.12489
"Gene487"	4	0.15431	0.24418	1	4201	2	-0.17419	0.31479	0.38241	1	5903	1	-0.17419
"Gene488"	4	0.5713	0.57085	1	9845	1	-0.07201	0.64557	0.64497	1	10771	0	-0.07201
"Gene489"	4	0.6195	0.61887	1	10681	0	0.05409	0.22541	0.32877	1	5044	1	0.05409
"Gene490"	4	0.67052	0.66989	1	11572	0	0.11832	0.52973	0.53767	1	8774	1	0.11832
"Gene491"	4	0.614	0.6133	1	10581	0	0.033902	0.59072	0.59133	1	9769	1	0.033902
"Gene492"	4	0.90037	0.9	1	15644	0	0.90334	0.00015623	0.00059856	0.043576	248	2	0.90334
"Gene493"	4	0.051734	0.10241	0.935706	1958	2	-0.22511	0.61153	0.61107	1	10147	1	-0.22511
"Gene494"	4	0.75778	0.75731	1	13138	0	0.018906	0.494	0.50879	1	8205	1	0.018906
"Gene495"	4	0.32742	0.37443	1	6382	1	0.022251	0.20701	0.31502	1	4850	1	0.022251
"Gene496"	4	0.0071842	0.019895	0.701648	502	2	-0.17838	0.25592	0.34655	1	5322	1	-0.17838
"Gene497"	4	0.7968	0.79639	1	13818	0	0.21232	0.11396	0.1921	1	2976	2	0.21232
"Gene498"	4	0.71556	0.71484	1	12350	0	0.2018	0.081301	0.14835	1	2381	2	0.2018
"Gene499"	4	0.97957	0.97965	1	17213	0	1.2197	0.00013827	0.00052727	0.039666	239	3	1.2197
"Gene500"	3	0.33324	0.34682	1	6446	1	-0.026411	0.46398	0.4663	1	7784	1	-0.026411
"Gene501"	4	0.87178	0.87138	1	15138	0	0.14911	0.19455	0.29868	1	4593	2	0.14911
"Gene502"	4	0.87558	0.8751	1	15191	0	0.71974	0.0051748	0.015453	0.389128	713	3	0.71974
"Gene503"	4	0.86933	0.86888	1	15093	0	0.051025	0.45284	0.47722	1	7631	1	0.051025
"Gene504"	4	0.12735	0.20736	1	3631	1	-0.16593	0.93461	0.93437	1	16439	0	-0.16593
"Gene505"	4	0.68798	0.6873	1	11865	0	0.054558	0.50383	0.51656	1	8357	1	0.054558
"Gene506"	4	0.94134	0.94119	1	16413	0	0.060901	0.611	0.61055	1	10136	1	0.060901
"Gene507"	4	0.28386	0.34529	1	5874	1	0.15196	0.11358	0.1916	1	2966	2	0.15196
"Gene508"	4	0.23312	0.31316	1	5356	1	-0.14158	0.77872	0.7782	1	13302	0	-0.14158
"Gene509"	4	0.03917	0.084769	0.916467	1644	2	-0.19631	0.68084	0.68013	1	11433	0	-0.19631
"Gene510"	4	0.50246	0.50853	1	8726	1	0.19872	0.11783	0.19718	1	3043	2	0.19872
"Gene511"	4	0.55742	0.55762	1	9607	1	-0.034374	0.93291	0.93263	1	16402	0	-0.034374
"Gene512"	4	0.71417	0.71342	1	12331	0	0.17308	0.099318	0.17243	1	2709	2	0.17308
"Gene513"	4	0.94821	0.94813	1	16552	0	0.093902	0.38533	0.42894	1	6749	1	0.093902
"Gene514"	3	0.059265	0.10445	0.940577	2113	2	-0.32251	0.4595	0.46217	1	7725	1	-0.32251
"Gene515"	4	0.79211	0.79169	1	13737	0	0.093512	0.057349	0.11555	1	1997	2	0.093512
"Gene516"	4	0.68782	0.68715	1	11863	0	-0.033839	0.63271	0.63212	1	10528	0	-0.033839
"Gene517"	4	0.39925	0.42617	1	7261	1	-0.081458	0.96592	0.96582	1	17154	0	-0.081458
"Gene518"	4	0.64367	0.6431	1	11093	0	0.15505	0.10167	0.17556	1	2757	2	0.15505
"Gene519"	4	0.92469	0.92448	1	16118	0	0.25241	0.029565	0.07259	0.869111	1492	3	0.25241
"Gene520"	4	0.54268	0.54397	1	9366	1	0.13078	0.40218	0.44065	1	6974	1	0.13078
"Gene521"	4	0.15532	0.24556	1	4226	2	-0.06376	0.091724	0.16225	1	2564	1	-0.06376
"Gene522"	4	0.4335	0.45231	1	7706	1	-0.043412	0.47374	0.49305	1	7927	1	-0.043412
"Gene523"	4	0.63116	0.63058	1	10894	0	-0.044886	0.90123	0.90086	1	15745	0	-0.044886
"Gene524"	4	0.37432	0.40764	1	6957	1	-0.12523	0.94859	0.9485	1	16770	0	-0.12523
"Gene525"	4	0.29765	0.35438	1	6035	1	-0.18298	0.69472	0.69398	1	11694	0	-0.18298
"Gene526"	4	0.1205	0.19802	1	3483	1	-0.079192	0.54697	0.55214	1	9049	1	-0.079192
"Gene527"	4	0.13533	0.21828	1	3784	2	-0.084088	0.63674	0.63605	1	10598	0	-0.084088
"Gene528"	4	0.18693	0.28516	1	4876	1	0.010271	0.74455	0.744	1	12659	0	0.010271
"Gene529"	4	0.39582	0.42357	1	7218	1	-0.063349	0.50283	0.51576	1	8341	1	-0.063349
"Gene530"	4	0.75439	0.75397	1	13082	0	-0.087307	0.92648	0.92623	1	16268	0	-0.087307
"Gene531"	4	0.017984	0.045982	0.82847	985	3	-0.35811	0.80115	0.80074	1	13710	0	-0.35811
"Gene532"	4	0.08672	0.15152	0.994066	2730	2	-0.16079	0.90601	0.90569	1	15846	0	-0.16079
"Gene533"	4	0.76408	0.76359	1	13251	0	0.011265	0.67612	0.67535	1	11345	0	0.011265
"Gene534"	4	0.0033011	0.010208	0.570993	318	1	0.044075	0.83291	0.8323	1	14366	0	0.044075
"Gene535"	4	0.012347	0.032471	0.790221	728	3	-0.31405	0.99823	0.99827	1	17934	0	-0.31405
"Gene536"	4	0.51568	0.51998	1	8936	1	-0.036804	0.58732	0.58819	1	9707	1	-0.036804
"Gene537"	4	0.85632	0.85581	1	14856	0	0.025818	0.75774	0.75728	1	12892	0	0.025818
"Gene538"	4	0.29122	0.35011	1	5965	1	-0.075666	0.56974	0.57213	1	9423	1	-0.075666
"Gene539"	4	0.45625	0.47025	1	8031	1	0.021418	0.40387	0.4418	1	7000	1	0.021418
"Gene540"	4	0.90947	0.90922	1	15823	0	0.043389	0.37765	0.42361	1	6658	1	0.043389
"Gene541"	2	0.43778	0.43778	1	7764	0	0.016598	0.34115	0.34208	1	6233	1	0.016598
"Gene542"	4	0.33848	0.38206	1	6517	1	-0.1282	0.95045	0.95035	1	16818	0	-0.1282
"Gene543"	4	0.7562	0.75575	1	13107	0	-0.006617	0.81134	0.81088	1	13936	0	-0.006617
"Gene544"	4	0.82767	0.82704	1	14362	0	0.034876	0.62635	0.62577	1	10409	1	0.034876
"Gene545"	4	0.60023	0.59955	1	10353	0	0.046841	0.30736	0.37773	1	5832	1	0.046841
"Gene546"	4	0.7514	0.75097	1	13022	0	0.18982	0.35107	0.40574	1	6338	1	0.18982
"Gene547"	4	0.82122	0.8207	1	14238	0	0.11791	0.70189	0.70113	1	11835	0	0.11791
"Gene548"	4	0.648	0.6474	1	11174	0	-0.050896	0.89413	0.89375	1	15598	0	-0.050896
"Gene549"	4	0.60835	0.60757	1	10491	0	0.11448	0.47813	0.49646	1	7990	1	0.11448
"Gene550"	4	0.57793	0.57734	1	9963	1	0.30628	0.082058	0.14936	1	2398	2	0.30628
"Gene551"	4	0.327	0.37414	1	6377	1	0.071871	0.56252	0.56574	1	9307	1	0.071871
"Gene552"	4	0.0731	0.13267	0.975507	2428	2	-0.18245	0.49735	0.51142	1	8258	1	-0.18245
"Gene553"	4	0.97091	0.97085	1	17007	0	0.2288	0.11173	0.18921	1	2931	2	0.2288
"Gene554"	4	0.11846	0.19523	1	3445	2	-0.046681	0.16548	0.26036	1	3967	1	-0.046681
"Gene555"	4	0.70462	0.70386	1	12157	0	0.15099	0.11795	0.19734	1	3048	2	0.15099
"Gene556"	4	0.76792	0.76746	1	13332	0	-0.084638	0.94178	0.94163	1	16606	0	-0.084638
"Gene557"	4	0.3516	0.39125	1	6676	1	-0.13426	0.50346	0.51626	1	8354	1	-0.13426
"Gene558"	4	0.10418	0.17557	1	3135	2	-0.15955	0.97832	0.97839	1	17435	0	-0.15955
"Gene559"	4	0.60776	0.60699	1	10479	0	0.14262	0.087193	0.15613	1	2498	2	0.14262
"Gene560"	4	0.1168	0.19299	1	3400	2	-0.061612	0.17138	0.26813	1	4082	1	-0.061612
"Gene561"	4	0.81071	0.81023	1	14047	0	0.028826	0.47098	0.49088	1	7889	1	0.028826
"Gene562"	4	0.58288	0.58221	1	10045	1	0.21281	0.026213	0.065114	0.834406	1393	3	0.21281
"Gene563"	4	0.8217	0.82118	1	14244	0	0.08333	0.52731	0.53568	1	8730	1	0.08333
"Gene564"	24	0.95802	0.98178	1	16743	2	0.036397	0.1076	0.32951	1	2856	8	0.036397
"Gene565"	4	0.034874	0.078627	0.900686	1554	1	-0.070187	0.78401	0.78357	1	13397	0	-0.070187
"Gene566"	4	0.775	0.77446	1	13452	0	0.059381	0.77828	0.77775	1	13294	0	0.059381
"Gene567"	4	0.33607	0.38041	1	6484	1	0.14883	0.20215	0.30868	1	4742	1	0.14883
"Gene568"	4	0.5766	0.57603	1	9943	1	-0.06295	0.7562	0.75575	1	12865	0	-0.06295
"Gene569"	4	0.43516	0.4536	1	7733	1	0.039017	0.7396	0.73904	1	12555	0	0.039017
"Gene570"	4	0.17591	0.27334	1	4661	2	-0.1118	0.50839	0.52019	1	8427	1	-0.1118
"Gene571"	4	0.30967	0.36247	1	6157	1	0.089296	0.12566	0.20757	1	3183	2	0.089296
"Gene572"	4	0.29796	0.35458	1	6039	1	-0.14876	0.92786	0.92758	1	16301	0	-0.14876
"Gene573"	4	0.063246	0.11872	0.963642	2200	2	-0.21201	0.85108	0.85048	1	14724	0	-0.21201
"Gene574"	4	0.6495	0.64888	1	11199	0	0.11617	0.5424	0.54827	1	8974	1	0.11617
"Gene575"	4	0.71246	0.71167	1	12304	0	0.049333	0.20715	0.31519	1	4854	1	0.049333
"Gene576"	4	0.89747	0.89715	1	15585	0	0.088348	0.039213	0.090747	0.939122	1721	1	0.088348
"Gene577"	4	0.79718	0.79677	1	13823	0	0.075675	0.52006	0.52969	1	8616	1	0.075675
"Gene578"	3	0.28277	0.30569	1	5861	1	-0.1267	0.14974	0.21916	1	3659	1	-0.1267
"Gene579"	4	0.13527	0.21819	1	3782	2	-0.080271	0.90792	0.90764	1	15885	0	-0.080271
"Gene580"	4	0.42832	0.44822	1	7631	1	-0.0079247	0.63025	0.62969	1	10482	0	-0.0079247
"Gene581"	4	0.34021	0.38325	1	6538	1	-0.0031371	0.69351	0.69278	1	11667	0	-0.0031371
"Gene582"	4	0.87083	0.8704	1	15123	0	0.053942	0.51147	0.52264	1	8481	1	0.053942
"Gene583"	4	0.29218	0.35073	1	5977	1	0.011494	0.86876	0.86829	1	15072	0	0.011494
"Gene584"	4	0.025395	0.063187	0.862133	1305	2	-0.23301	0.96678	0.96669	1	17168	0	-0.23301
"Gene585"	4	0.50293	0.50892	1	8734	1	-0.13489	0.84968	0.84907	1	14692	0	-0.13489
"Gene586"	4	0.60385	0.60318	1	10414	0	0.28748	0.010495	0.028458	0.554867	920	2	0.28748
"Gene587"	4	0.00010581	0.00039346	0.134037	53	4	-0.45227	0.99989	0.9999	1	18019	0	-0.45227
"Gene588"	4	0.011723	0.030981	0.782531	702	3	-0.26684	0.57294	0.57501	1	9477	1	-0.26684
"Gene589"	4	0.51617	0.5204	1	8941	1	0.042285	0.51028	0.52166	1	8459	1	0.042285
"Gene590"	4	0.8392	0.83854	1	14558	0	0.013391	0.12679	0.20908	1	3209	1	0.013391
"Gene591"	4	0.38772	0.4175	1	7119	1	0.027633	0.032396	0.078885	0.894643	1570	1	0.027633
"Gene592"	4	0.066018	0.12267	0.967452	2266	2	-0.13156	0.46602	0.48716	1	7815	1	-0.13156
"Gene593"	1	0.34356	0.34404	1	6583	0	-0.10963	0.65644	0.65666	1	10973	0	-0.10963
"Gene594"	4	0.83854	0.83787	1	14543	0	0.049182	0.55469	0.55883	1	9173	1	0.049182
"Gene595"	4	0.065208	0.12154	0.966427	2246	1	-0.097911	0.71709	0.71639	1	12111	0	-0.097911
"Gene596"	4	0.94628	0.94616	1	16507	0	0.16448	0.048325	0.10311	0.989681	1859	2	0.16448
"Gene597"	4	0.06155	0.1163	0.96192	2159	2	-0.11534	0.81123	0.81077	1	13932	0	-0.11534
"Gene598"	4	0.81822	0.81775	1	14176	0	-0.057804	0.87738	0.87691	1	15244	0	-0.057804
"Gene599"	4	0.20748	0.29746	1	5094	1	-0.01646	0.87367	0.87321	1	15164	0	-0.01646
"Gene600"	4	0.56197	0.56194	1	9681	1	0.065871	0.65426	0.65355	1	10929	0	0.065871
"Gene601"	4	0.79966	0.79929	1	13869	0	-0.012507	0.78968	0.78928	1	13498	0	-0.012507
"Gene602"	4	0.069444	0.12751	0.971391	2343	1	0.047133	0.79143	0.79101	1	13527	0	0.047133
"Gene603"	4	0.7605	0.76005	1	13184	0	0.11728	0.10915	0.18577	1	2878	2	0.11728
"Gene604"	4	0.90446	0.90411	1	15729	0	-0.028875	0.80815	0.80771	1	13865	0	-0.028875
"Gene605"	4	0.67006	0.66941	1	11561	0	-0.0028535	0.28482	0.36377	1	5609	1	-0.0028535
"Gene606"	4	0.98913	0.98925	1	17457	0	0.12365	0.29392	0.36934	1	5700	1	0.12365
"Gene607"	4	0.888	0.88759	1	15423	0	0.1039	0.1725	0.26963	1	4113	2	0.1039
"Gene608"	4	0.12514	0.20433	1	3579	2	-0.05518	0.75708	0.75662	1	12883	0	-0.05518
"Gene609"	4	0.058697	0.11228	0.953244	2102	2	-0.19343	0.54597	0.55131	1	9032	1	-0.19343
"Gene610"	4	0.16509	0.25873	1	4430	1	-0.16521	0.84474	0.84412	1	14584	0	-0.16521
"Gene611"	4	0.032172	0.074719	0.892271	1490	2	-0.26662	0.98601	0.98608	1	17639	0	-0.26662
"Gene612"	4	0.019133	0.048716	0.836981	1037	3	-0.27691	0.76815	0.76767	1	13097	0	-0.27691
"Gene613"	4	0.32822	0.37499	1	6388	1	0.097226	0.15297	0.24389	1	3728	2	0.097226
"Gene614"	4	0.30465	0.35901	1	6107	1	-0.073133	0.16414	0.25855	1	3939	2	-0.073133
"Gene615"	4	0.68293	0.68222	1	11773	0	-0.032477	0.45532	0.47911	1	7668	1	-0.032477
"Gene616"	4	0.82522	0.8246	1	14307	0	-0.057084	0.40272	0.44103	1	6983	1	-0.057084
"Gene617"	4	0.27342	0.33856	1	5758	1	-0.0050717	0.86275	0.86232	1	14954	0	-0.0050717
"Gene618"	4	0.9875	0.98759	1	17394	0	0.19182	0.077834	0.14364	1	2333	2	0.19182
"Gene619"	2	0.26928	0.27248	1	5712	1	-0.24124	0.94978	0.94972	1	16799	0	-0.24124
"Gene620"	4	0.85987	0.85941	1	14916	0	0.089506	0.74316	0.74264	1	12634	0	0.089506
"Gene621"	4	0.82475	0.82416	1	14296	0	-0.051314	0.83818	0.83754	1	14456	0	-0.051314
"Gene622"	4	0.12666	0.20643	1	3614	2	-0.18183	0.54233	0.54823	1	8972	1	-0.18183
"Gene623"	4	0.022581	0.056663	0.845774	1194	3	-0.26522	0.95859	0.95851	1	16997	0	-0.26522
"Gene624"	4	0.098852	0.16822	0.998698	3013	1	-0.16267	0.66416	0.66345	1	11114	0	-0.16267
"Gene625"	4	0.19651	0.29085	1	4980	1	-0.092701	0.63706	0.63637	1	10606	0	-0.092701
"Gene626"	4	0.88118	0.88064	1	15282	0	0.023302	0.49718	0.51129	1	8253	1	0.023302
"Gene627"	4	0.85258	0.85198	1	14784	0	0.049638	0.071744	0.13535	1	2230	1	0.049638
"Gene628"	4	0.5673	0.56701	1	9771	1	0.33323	0.018654	0.047812	0.739719	1153	2	0.33323
"Gene629"	4	0.48999	0.49797	1	8546	1	0.020798	0.62465	0.62408	1	10379	1	0.020798
"Gene630"	4	0.99416	0.99428	1	17593	0	0.14536	0.20947	0.31828	1	4898	1	0.14536
"Gene631"	4	0.16971	0.26493	1	4523	2	-0.059158	0.47858	0.49681	1	7995	1	-0.059158
"Gene632"	4	0.60357	0.6029	1	10411	0	0.057491	0.29292	0.36875	1	5691	1	0.057491
"Gene633"	4	0.41134	0.43511	1	7409	1	-0.11641	0.2617	0.34991	1	5378	1	-0.11641
"Gene634"	4	0.90582	0.9055	1	15753	0	0.091872	0.21014	0.31914	1	4911	2	0.091872
"Gene635"	4	0.43018	0.44967	1	7662	1	0.072611	0.44333	0.47019	1	7504	1	0.072611
"Gene636"	4	0.24934	0.3233	1	5518	1	0.059879	0.12858	0.21149	1	3234	1	0.059879
"Gene637"	4	0.81591	0.81548	1	14137	0	-0.033996	0.77424	0.7737	1	13222	0	-0.033996
"Gene638"	4	0.16237	0.25505	1	4376	2	-0.24062	0.97572	0.9757	1	17369	0	-0.24062
"Gene639"	4	0.34656	0.38767	1	6623	1	-0.035195	0.81529	0.81486	1	14012	0	-0.035195
"Gene640"	4	0.48979	0.49781	1	8543	1	0.11566	0.57399	0.57597	1	9500	1	0.11566
"Gene641"	4	0.083761	0.14752	0.992309	2657	2	-0.057029	0.73877	0.73823	1	12538	0	-0.057029
"Gene642"	4	0.80439	0.80397	1	13938	0	0.032669	0.88335	0.88287	1	15378	0	0.032669
"Gene643"	4	0.97272	0.97269	1	17050	0	0.12026	0.43762	0.46605	1	7421	1	0.12026
"Gene644"	4	0.16088	0.25306	1	4345	1	0.023545	0.59389	0.59433	1	9822	1	0.023545
"Gene645"	4	0.48992	0.49792	1	8545	1	-0.066199	0.17799	0.2768	1	4226	1	-0.066199
"Gene646"	4	0.057504	0.11059	0.949639	2081	1	-0.036447	0.26798	0.35364	1	5434	1	-0.036447
"Gene647"	4	0.90503	0.90469	1	15738	0	0.13774	0.21754	0.32427	1	4983	1	0.13774
"Gene648"	4	0.012848	0.033687	0.795062	754	2	-0.24105	0.75044	0.74996	1	12766	0	-0.24105
"Gene649"	4	0.97647	0.9765	1	17150	0	0.16808	0.072652	0.1366	1	2247	1	0.16808
"Gene650"	1	0.82487	0.82523	1	14299	0	0.20621	0.17513	0.17492	1	4175	1	0.20621
"Gene651"	4	0.048119	0.097286	0.930534	1864	1	-0.070563	0.54082	0.54694	1	8948	1	-0.070563
"Gene652"	4	0.015233	0.039483	0.819785	856	3	-0.27199	0.60938	0.60897	1	10098	1	-0.27199
"Gene653"	1	0.46807	0.46836	1	8198	0	-0.016062	0.53193	0.53193	1	8808	0	-0.016062
"Gene654"	4	0.3943	0.42242	1	7198	1	-0.098273	0.94916	0.94904	1	16785	0	-0.098273
"Gene655"	4	0.010349	0.02768	0.764655	646	3	-0.31971	0.97965	0.97975	1	17476	0	-0.31971
"Gene656"	4	0.53525	0.53727	1	9237	1	0.12931	0.18956	0.29213	1	4481	2	0.12931
"Gene657"	4	0.096498	0.165	0.998355	2949	1	-0.086918	0.63975	0.63913	1	10655	0	-0.086918
"Gene658"	4	0.36327	0.39965	1	6820	1	0.0081605	0.6589	0.65823	1	11021	0	0.0081605
"Gene659"	4	0.36621	0.40174	1	6856	1	-0.01159	0.16326	0.25739	1	3923	1	-0.01159
"Gene660"	4	0.28557	0.34643	1	5892	1	-0.05987	0.22209	0.3269	1	5015	1	-0.05987
"Gene661"	4	0.8134	0.81297	1	14098	0	-0.0050738	0.47203	0.49171	1	7903	1	-0.0050738
"Gene662"	4	0.14409	0.23028	1	3971	2	-0.14958	0.49275	0.50782	1	8192	1	-0.14958
"Gene663"	4	0.9952	0.99528	1	17628	0	0.15277	0.3319	0.3933	1	6107	1	0.15277
"Gene664"	4	0.4566	0.47053	1	8036	1	-0.017125	0.86835	0.8679	1	15067	0	-0.017125
"Gene665"	4	0.42776	0.44777	1	7622	1	-0.0015988	0.26963	0.3546	1	5448	1	-0.0015988
"Gene666"	4	0.71836	0.71769	1	12401	0	-0.067087	0.27949	0.36053	1	5552	1	-0.067087
"Gene667"	4	0.056043	0.10852	0.948026	2045	2	-0.034219	0.42306	0.45542	1	7238	1	-0.034219
"Gene668"	4	0.72696	0.72641	1	12564	0	-0.043343	0.95753	0.95745	1	16978	0	-0.043343
"Gene669"	4	0.35701	0.39512	1	6736	1	0.061416	0.58496	0.58603	1	9664	1	0.061416
"Gene670"	4	0.83438	0.83381	1	14483	0	0.10453	0.75606	0.75561	1	12862	0	0.10453
"Gene671"	4	0.058122	0.11146	0.950988	2093	2	-0.16259	0.98818	0.98827	1	17685	0	-0.16259
"Gene672"	4	0.81468	0.81425	1	14119	0	0.092953	0.33511	0.39534	1	6150	1	0.092953
"Gene673"	4	0.0703	0.12873	0.971391	2367	1	-0.061871	0.94758	0.94749	1	16738	0	-0.061871
"Gene674"	4	0.98496	0.98503	1	17340	0	0.16507	0.20434	0.31149	1	4795	2	0.16507
"Gene675"	4	0.37296	0.40665	1	6939	1	-0.025811	0.7221	0.72147	1	12202	0	-0.025811
"Gene676"	3	0.44754	0.44864	1	7911	1	-0.11248	0.78563	0.78563	1	13423	0	-0.11248
"Gene677"	4	0.0051596	0.014866	0.645116	414	3	-0.26345	0.98895	0.98909	1	17699	0	-0.26345
"Gene678"	4	0.65096	0.65031	1	11223	0	-0.071496	0.22041	0.32591	1	5003	1	-0.071496
"Gene679"	1	0.61686	0.61673	1	10634	0	0.053315	0.38314	0.38338	1	6723	0	0.053315
"Gene680"	4	0.69031	0.68964	1	11907	0	-0.027798	0.68393	0.68328	1	11484	0	-0.027798
"Gene681"	4	0.78953	0.78912	1	13681	0	0.04485	0.12913	0.21222	1	3247	2	0.04485
"Gene682"	4	0.035589	0.07962	0.904113	1567	1	0.21322	0.18432	0.28524	1	4369	2	0.21322
"Gene683"	4	0.99996	0.99996	1	17941	0	1.0715	4.0004e-05	0.00014834	0.016844	159	4	1.0715
"Gene684"	4	0.58414	0.58344	1	10066	1	-0.08772	0.94322	0.94307	1	16637	0	-0.08772
"Gene685"	4	0.71611	0.71541	1	12359	0	0.066816	0.77342	0.77291	1	13202	0	0.066816
"Gene686"	1	0.483	0.48322	1	8445	0	-0.012591	0.517	0.51706	1	8560	0	-0.012591
"Gene687"	4	0.98911	0.98924	1	17456	0	0.86968	6.3687e-05	0.00023717	0.022657	188	3	0.86968
"Gene688"	4	0.1587	0.2501	1	4306	1	-0.11723	0.83037	0.8297	1	14308	0	-0.11723
"Gene689"	3	0.89429	0.89426	1	15536	0	0.031309	0.26858	0.30393	1	5440	1	0.031309
"Gene690"	4	0.056624	0.10935	0.948026	2061	2	-0.13234	0.48172	0.49924	1	8039	1	-0.13234
"Gene691"	4	0.70208	0.70131	1	12107	0	-0.084545	0.92396	0.92379	1	16203	0	-0.084545
"Gene692"	4	0.91791	0.91769	1	15984	0	0.075143	0.72111	0.7205	1	12184	0	0.075143
"Gene693"	4	0.030859	0.072879	0.888478	1460	2	-0.23949	0.98038	0.98047	1	17495	0	-0.23949
"Gene694"	4	0.95091	0.9508	1	16609	0	0.081145	0.41935	0.45274	1	7194	1	0.081145
"Gene695"	4	0.15008	0.23841	1	4093	1	-0.03102	0.5498	0.55458	1	9095	1	-0.03102
"Gene696"	4	0.29822	0.35476	1	6043	1	-0.055722	0.68675	0.68609	1	11537	0	-0.055722
"Gene697"	4	0.097271	0.16609	0.998355	2972	2	-0.093651	0.69381	0.69308	1	11672	0	-0.093651
"Gene698"	4	0.035699	0.079774	0.904725	1569	1	-0.074749	0.76278	0.76234	1	12989	0	-0.074749
"Gene699"	4	0.81719	0.81672	1	14156	0	0.017672	0.3744	0.42141	1	6624	1	0.017672
"Gene700"	4	0.69926	0.69852	1	12061	0	-0.024834	0.85256	0.85195	1	14752	0	-0.024834
"Gene701"	3	0.96455	0.96478	1	16869	0	0.37547	0.093397	0.15721	1	2598	2	0.37547
"Gene702"	4	0.64448	0.64387	1	11107	0	0.15216	0.10518	0.18031	1	2818	2	0.15216
"Gene703"	4	0.58557	0.58488	1	10089	1	0.096695	0.20473	0.312	1	4803	1	0.096695
"Gene704"	4	0.75473	0.75429	1	13088	0	-0.051214	0.82438	0.82382	1	14180	0	-0.051214
"Gene705"	3	0.88066	0.88062	1	15275	0	0.029745	0.093078	0.15672	1	2590	1	0.029745
"Gene706"	4	0.59048	0.58967	1	10174	1	-0.081663	0.62051	0.61994	1	10304	1	-0.081663
"Gene707"	4	0.3876	0.41743	1	7116	1	0.80916	0.014955	0.039166	0.666478	1050	3	0.80916
"Gene708"	4	0.65673	0.65604	1	11324	0	0.060637	0.1332	0.21757	1	3321	2	0.060637
"Gene709"	4	0.99984	0.99985	1	17895	0	0.71082	9.4518e-05	0.00034904	0.029041	217	4	0.71082
"Gene710"	4	0.97244	0.9724	1	17038	0	0.42432	0.0038526	0.012175	0.33007	663	3	0.42432
"Gene711"	2	0.55367	0.55367	1	9544	0	0.091048	0.35771	0.35813	1	6425	1	0.091048
"Gene712"	4	0.60046	0.59978	1	10361	0	-0.041887	0.74202	0.7415	1	12605	0	-0.041887
"Gene713"	4	0.82627	0.82564	1	14329	0	0.055384	0.56785	0.57042	1	9390	1	0.055384
"Gene714"	4	0.99403	0.99415	1	17590	0	0.41289	0.0012853	0.0046456	0.175107	477	3	0.41289
"Gene715"	4	0.13061	0.21184	1	3684	2	-0.18417	0.2724	0.35627	1	5480	1	-0.18417
"Gene716"	4	0.76931	0.76882	1	13358	0	0.0077989	0.52799	0.53626	1	8742	1	0.0077989
"Gene717"	4	0.025876	0.064258	0.863058	1328	1	0.013115	0.60303	0.60302	1	9984	1	0.013115
"Gene718"	4	0.064498	0.12052	0.96496	2231	2	-0.084461	0.18072	0.28043	1	4283	1	-0.084461
"Gene719"	4	0.65642	0.65574	1	11317	0	-0.024299	0.085875	0.15439	1	2466	1	-0.024299
"Gene720"	4	0.49258	0.50017	1	8579	1	0.043788	0.03201	0.078024	0.889342	1561	2	0.043788
"Gene721"	4	0.02065	0.052256	0.838868	1108	2	-0.27848	0.67959	0.67885	1	11406	0	-0.27848
"Gene722"	4	0.2817	0.34393	1	5852	1	0.11073	0.15291	0.24381	1	3726	2	0.11073
"Gene723"	4	0.50182	0.50799	1	8717	1	-0.095604	0.96136	0.96124	1	17056	0	-0.095604
"Gene724"	4	0.58218	0.58151	1	10033	1	-0.052704	0.84828	0.8477	1	14660	0	-0.052704
"Gene725"	4	0.42639	0.44668	1	7599	1	0.00015977	0.75072	0.75027	1	12773	0	0.00015977
"Gene726"	4	0.66402	0.6633	1	11459	0	0.11134	0.035707	0.085875	0.918525	1664	2	0.11134
"Gene727"	4	0.94784	0.94774	1	16541	0	0.11862	0.071316	0.13475	1	2224	2	0.11862
"Gene728"	2	0.18796	0.1984	1	4888	1	-0.039763	0.16077	0.17922	1	3884	1	-0.039763
"Gene729"	4	0.52886	0.53162	1	9142	1	0.018972	0.50329	0.51615	1	8350	1	0.018972
"Gene730"	4	0.17203	0.26811	1	4573	2	0.0072237	0.098434	0.17119	1	2693	2	0.0072237
"Gene731"	4	0.34693	0.38793	1	6628	1	0.007213	0.71408	0.71332	1	12044	0	0.007213
"Gene732"	4	0.5197	0.52347	1	8999	1	-0.11787	0.95394	0.95379	1	16901	0	-0.11787
"Gene733"	4	0.92018	0.91996	1	16023	0	0.10213	0.1909	0.29389	1	4510	2	0.10213
"Gene734"	4	0.62016	0.61952	1	10697	0	-0.070421	0.62877	0.62821	1	10458	0	-0.070421
"Gene735"	4	0.46894	0.48051	1	8212	1	0.078798	0.61485	0.61434	1	10209	1	0.078798
"Gene736"	4	0.77623	0.7757	1	13474	0	0.021275	0.83371	0.83311	1	14382	0	0.021275
"Gene737"	4	0.024579	0.061309	0.862133	1266	2	-0.23953	0.83473	0.83417	1	14401	0	-0.23953
"Gene738"	4	0.049044	0.098525	0.932809	1886	1	0.64797	0.005612	0.016534	0.407242	729	3	0.64797
"Gene739"	4	0.7813	0.78082	1	13562	0	0.10093	0.46478	0.4862	1	7797	1	0.10093
"Gene740"	3	0.85872	0.85864	1	14897	0	-0.0029634	0.70932	0.70945	1	11963	0	-0.0029634
"Gene741"	4	0.63369	0.63309	1	10942	0	-0.030788	0.24934	0.34263	1	5256	1	-0.030788
"Gene742"	4	0.0022661	0.0075399	0.519139	255	3	-0.32277	0.84582	0.84519	1	14610	0	-0.32277
"Gene743"	4	0.061357	0.11601	0.961621	2155	2	-0.23449	0.9781	0.9782	1	17431	0	-0.23449
"Gene744"	4	0.12449	0.20348	1	3566	1	0.10293	0.701	0.70022	1	11815	0	0.10293
"Gene745"	4	0.42601	0.44642	1	7597	1	0.040611	0.79519	0.7948	1	13589	0	0.040611
"Gene746"	4	0.45875	0.47226	1	8069	1	0.01092	0.39034	0.43236	1	6818	1	0.01092
"Gene747"	4	0.74155	0.74102	1	12843	0	-0.044383	0.46521	0.48653	1	7803	1	-0.044383
"Gene748"	4	0.10353	0.17467	0.999242	3125	2	-0.16926	0.85712	0.85664	1	14838	0	-0.16926
"Gene749"	4	0.33868	0.38222	1	6520	1	-0.067164	0.78596	0.78549	1	13428	0	-0.067164
"Gene750"	4	0.020815	0.052601	0.838868	1118	3	-0.34884	0.93658	0.9364	1	16483	0	-0.34884
"Gene751"	4	0.86303	0.86261	1	14973	0	0.1808	0.10557	0.18085	1	2825	2	0.1808
"Gene752"	4	0.094926	0.16286	0.998355	2916	1	-0.14451	0.94296	0.94282	1	16632	0	-0.14451
"Gene753"	4	0.70629	0.70553	1	12190	0	0.03441	0.59005	0.59069	1	9757	1	0.03441
"Gene754"	4	0.97971	0.9798	1	17218	0	0.21641	0.077431	0.14309	1	2323	2	0.21641
"Gene755"	4	0.50753	0.51288	1	8808	1	-0.052857	0.61535	0.61483	1	10221	1	-0.052857
"Gene756"	4	0.68426	0.68362	1	11794	0	-0.050748	0.15218	0.24285	1	3703	1	-0.050748
"Gene757"	4	0.8195	0.81902	1	14205	0	0.053696	0.35571	0.40879	1	6400	1	0.053696
"Gene758"	4	0.030907	0.072951	0.888747	1461	1	0.066885	0.48166	0.49918	1	8037	1	0.066885
"Gene759"	4	0.79778	0.79741	1	13838	0	0.066607	0.16595	0.26098	1	3978	2	0.066607
"Gene760"	4	0.75216	0.75177	1	13036	0	0.097772	0.62848	0.62791	1	10452	1	0.097772
"Gene761"	4	0.25116	0.32441	1	5535	1	-0.043882	0.90461	0.90427	1	15813	0	-0.043882
"Gene762"	4	0.35172	0.39132	1	6677	1	0.091638	0.63579	0.63512	1	10581	0	0.091638
"Gene763"	4	0.69453	0.69381	1	11980	0	-0.14862	0.24975	0.34285	1	5262	1	-0.14862
"Gene764"	4	0.17222	0.26838	1	4578	1	-0.076301	0.98347	0.98355	1	17573	0	-0.076301
"Gene765"	4	0.63465	0.63401	1	10963	0	0.022003	0.56146	0.56478	1	9282	1	0.022003
"Gene766"	4	0.45996	0.47326	1	8083	1	-0.025224	0.6919	0.69119	1	11632	0	-0.025224
"Gene767"	4	0.12173	0.1997	1	3512	1	0.045422	0.42003	0.45324	1	7202	1	0.045422
"Gene768"	4	0.00088417	0.0032072	0.37847	153	3	-0.37069	0.99197	0.99209	1	17757	0	-0.37069
"Gene769"	4	0.82414	0.82359	1	14287	0	0.043939	0.50396	0.51666	1	8360	1	0.043939
"Gene770"	4	0.85243	0.85184	1	14780	0	0.1022	0.25252	0.34449	1	5285	1	0.1022
"Gene771"	4	0.27772	0.34133	1	5808	1	-0.047352	0.80012	0.79973	1	13690	0	-0.047352
"Gene772"	4	0.45381	0.46824	1	8000	1	-0.031676	0.73114	0.73062	1	12379	0	-0.031676
"Gene773"	4	0.065685	0.12221	0.967322	2258	2	0.17488	0.0073725	0.020856	0.46147	810	2	0.17488
"Gene774"	4	0.583	0.58233	1	10048	1	-0.14608	0.5407	0.54685	1	8946	1	-0.14608
"Gene775"	4	0.022916	0.057441	0.848356	1208	3	-0.22908	0.86809	0.86762	1	15060	0	-0.22908
"Gene776"	4	0.62448	0.62391	1	10776	0	0.075358	0.13983	0.22646	1	3453	2	0.075358
"Gene777"	4	0.065459	0.12189	0.966427	2254	2	-0.19028	0.98726	0.98734	1	17661	0	-0.19028
"Gene778"	4	0.9504	0.9503	1	16599	0	0.28021	0.10012	0.17352	1	2723	2	0.28021
"Gene779"	3	0.025658	0.051024	0.838868	1320	2	-0.36226	0.98724	0.98737	1	17659	0	-0.36226
"Gene780"	1	0.080052	0.080118	0.905213	2584	1	-0.42614	0.91995	0.92054	1	16111	0	-0.42614
"Gene781"	4	0.73867	0.73813	1	12781	0	0.12675	0.64609	0.64548	1	10778	0	0.12675
"Gene782"	4	0.068883	0.12674	0.971391	2332	2	-0.057982	0.71359	0.71285	1	12038	0	-0.057982
"Gene783"	4	0.024372	0.060839	0.862133	1259	2	-0.255	0.98928	0.9894	1	17707	0	-0.255
"Gene784"	4	0.6767	0.67593	1	11669	0	0.0036526	0.87667	0.87618	1	15231	0	0.0036526
"Gene785"	4	0.096603	0.16514	0.998355	2953	1	0.23992	0.11334	0.1913	1	2963	2	0.23992
"Gene786"	4	0.66729	0.66666	1	11516	0	0.041095	0.74794	0.74744	1	12728	0	0.041095
"Gene787"	4	0.16044	0.25246	1	4334	2	-0.05629	0.55521	0.55925	1	9181	1	-0.05629
"Gene788"	4	0.0122	0.032116	0.790221	721	2	-0.24044	0.30512	0.3763	1	5810	1	-0.24044
"Gene789"	4	0.12868	0.20923	1	3656	1	0.21315	0.034331	0.083245	0.908241	1630	2	0.21315
"Gene790"	4	0.29982	0.35582	1	6064	1	-0.11013	0.90713	0.90686	1	15876	0	-0.11013
"Gene791"	4	0.67158	0.67092	1	11587	0	0.094669	0.10487	0.17986	1	2814	2	0.094669
"Gene792"	4	0.71703	0.71632	1	12380	0	-0.0052656	0.82404	0.82349	1	14173	0	-0.0052656
"Gene793"	4	0.086984	0.15188	0.994177	2735	1	-0.034541	0.30881	0.37866	1	5845	1	-0.034541
"Gene794"	4	0.44343	0.46001	1	7843	1	-0.05559	0.50885	0.52057	1	8434	1	-0.05559
"Gene795"	4	0.46672	0.47869	1	8180	1	-0.11372	0.26682	0.35297	1	5424	1	-0.11372
"Gene796"	4	0.53605	0.53799	1	9245	1	0.24231	0.041186	0.093484	0.952469	1750	2	0.24231
"Gene797"	4	0.48548	0.49422	1	8478	1	-0.032771	0.46627	0.48736	1	7821	1	-0.032771
"Gene798"	4	0.98214	0.98221	1	17280	0	0.14345	0.087176	0.15611	1	2497	2	0.14345
"Gene799"	4	0.19934	0.29254	1	5009	1	0.013806	0.73945	0.73889	1	12550	0	0.013806
"Gene800"	4	0.10796	0.18095	1	3216	1	-0.13598	0.93543	0.93522	1	16461	0	-0.13598
"Gene801"	4	0.60535	0.60462	1	10439	0	-0.0060552	0.32398	0.38816	1	6012	1	-0.0060552
"Gene802"	4	0.17272	0.26905	1	4587	2	-0.0836	0.74637	0.74586	1	12698	0	-0.0836
"Gene803"	4	0.58747	0.58671	1	10120	1	0.045652	0.13602	0.22139	1	3381	2	0.045652
"Gene804"	4	0.21754	0.30363	1	5194	1	-0.071137	0.91098	0.91077	1	15956	0	-0.071137
"Gene805"	4	0.79418	0.79375	1	13778	0	-0.035526	0.87765	0.87715	1	15252	0	-0.035526
"Gene806"	4	0.2151	0.30214	1	5166	1	0.036041	0.83185	0.83121	1	14344	0	0.036041
"Gene807"	4	0.70796	0.70723	1	12220	0	-0.081948	0.69687	0.69611	1	11732	0	-0.081948
"Gene808"	1	0.66572	0.666	1	11488	0	0.10115	0.33428	0.33448	1	6141	0	0.10115
"Gene809"	4	0.76102	0.76056	1	13193	0	-0.0098906	0.67933	0.6786	1	11401	0	-0.0098906
"Gene810"	4	0.52396	0.52729	1	9059	1	-0.11041	0.19459	0.29875	1	4594	1	-0.11041
"Gene811"	4	0.60351	0.60284	1	10410	0	-0.092572	0.82277	0.82223	1	14153	0	-0.092572
"Gene812"	4	0.66194	0.66124	1	11423	0	-0.049738	0.89886	0.89852	1	15692	0	-0.049738
"Gene813"	4	0.55095	0.55159	1	9502	1	0.081239	0.5533	0.55764	1	9151	1	0.081239
"Gene814"	4	0.56343	0.56334	1	9705	1	-0.10155	0.61928	0.61874	1	10286	1	-0.10155
"Gene815"	4	0.89885	0.89851	1	15611	0	0.0056442	0.30426	0.37577	1	5805	1	0.0056442
"Gene816"	4	0.25769	0.32858	1	5599	1	-0.10742	0.7793	0.77881	1	13312	0	-0.10742
"Gene817"	4	0.078298	0.13996	0.985583	2543	1	-0.058456	0.27812	0.35972	1	5537	1	-0.058456
"Gene818"	3	0.049275	0.088751	0.923459	1892	1	-0.040291	0.69473	0.6947	1	11695	0	-0.040291
"Gene819"	4	0.0070978	0.01967	0.701648	498	3	-0.30454	0.97424	0.97418	1	17334	0	-0.30454
"Gene820"	4	0.14261	0.22822	1	3937	1	-0.0097385	0.38561	0.42911	1	6754	1	-0.0097385
"Gene821"	4	0.52664	0.52966	1	9110	1	0.68254	0.003945	0.012391	0.333907	666	2	0.68254
"Gene822"	4	0.50743	0.5128	1	8807	1	-0.049735	0.8586	0.85816	1	14868	0	-0.049735
"Gene823"	2	0.16282	0.17646	1	4387	1	-0.18961	0.83454	0.83407	1	14396	0	-0.18961
"Gene824"	4	0.09744	0.16632	0.998355	2976	1	0.054419	0.14603	0.23473	1	3584	2	0.054419
"Gene825"	4	0.55364	0.55413	1	9542	1	-0.12396	0.67522	0.67448	1	11326	0	-0.12396
"Gene826"	4	0.94941	0.94931	1	16580	0	0.53095	0.00033561	0.0012155	0.073875	294	3	0.53095
"Gene827"	4	0.087632	0.15276	0.994273	2751	2	-0.15859	0.79524	0.79485	1	13591	0	-0.15859
"Gene828"	4	0.27373	0.33876	1	5760	1	-0.047008	0.22438	0.32819	1	5039	1	-0.047008
"Gene829"	4	0.67104	0.67039	1	11579	0	-0.0077938	0.74396	0.74344	1	12648	0	-0.0077938
"Gene830"	4	0.46021	0.47346	1	8087	1	-0.13072	0.93566	0.93545	1	16466	0	-0.13072
"Gene831"	4	0.079786	0.14204	0.986492	2578	1	-0.029348	0.75936	0.75889	1	12925	0	-0.029348
"Gene832"	4	0.43553	0.45387	1	7738	1	-0.091964	0.54815	0.55319	1	9065	1	-0.091964
"Gene833"	4	0.48076	0.49028	1	8411	1	-0.052028	0.7453	0.74478	1	12672	0	-0.052028
"Gene834"	4	0.34393	0.38583	1	6589	1	-0.15256	0.72524	0.72468	1	12266	0	-0.15256
"Gene835"	4	0.72762	0.72711	1	12577	0	-0.073423	0.84695	0.84634	1	14632	0	-0.073423
"Gene836"	4	0.95705	0.95694	1	16725	0	0.1196	0.20427	0.3114	1	4792	2	0.1196
"Gene837"	4	0.66424	0.66352	1	11463	0	0.052607	0.099673	0.17293	1	2714	2	0.052607
"Gene838"	4	0.94404	0.94391	1	16461	0	0.538	0.072438	0.13631	1	2244	2	0.538
"Gene839"	4	0.47073	0.48195	1	8240	1	-0.090052	0.11066	0.18782	1	2906	1	-0.090052
"Gene840"	4	0.77805	0.7775	1	13503	0	0.018493	0.25465	0.3458	1	5310	1	0.018493
"Gene841"	4	0.66187	0.66116	1	11420	0	-0.052592	0.80998	0.80953	1	13901	0	-0.052592
"Gene842"	4	0.59909	0.59837	1	10331	0	0.0010928	0.74993	0.74947	1	12759	0	0.0010928
"Gene843"	4	0.016201	0.041797	0.824674	903	1	-0.1252	0.051653	0.10768	1	1904	1	-0.1252
"Gene844"	4	0.56613	0.56589	1	9753	1	-0.024392	0.013854	0.036487	0.643125	1014	1	-0.024392
"Gene845"	4	0.3901	0.41924	1	7142	1	-0.16634	0.80424	0.80381	1	13780	0	-0.16634
"Gene846"	4	0.28601	0.34673	1	5897	1	0.033565	0.2983	0.37207	1	5745	1	0.033565
"Gene847"	4	0.47077	0.48198	1	8241	1	0.045203	0.18182	0.2819	1	4309	2	0.045203
"Gene848"	4	0.98904	0.98917	1	17451	0	0.39367	0.0068888	0.019676	0.445737	791	3	0.39367
"Gene849"	4	0.89715	0.89681	1	15580	0	0.042566	0.45133	0.47611	1	7611	1	0.042566
"Gene850"	4	0.67921	0.67848	1	11713	0	-0.10305	0.51064	0.52195	1	8466	1	-0.10305
"Gene851"	1	0.90934	0.90984	1	15821	0	0.37579	0.090659	0.090655	0.939122	2547	1	0.37579
"Gene852"	4	0.10599	0.17814	1	3177	1	-0.1207	0.75084	0.75038	1	12774	0	-0.1207
"Gene853"	4	0.59391	0.59315	1	10228	0	0.020693	0.15466	0.24612	1	3762	2	0.020693
"Gene854"	4	0.18489	0.28395	1	4860	1	-0.16642	0.94821	0.94812	1	16757	0	-0.16642
"Gene855"	4	0.24943	0.32335	1	5519	1	-0.075695	0.8246	0.82402	1	14186	0	-0.075695
"Gene856"	4	0.032028	0.07451	0.891505	1486	2	-0.10541	0.75559	0.75513	1	12852	0	-0.10541
"Gene857"	4	0.025322	0.06303	0.862133	1300	1	-0.13607	0.94678	0.94668	1	16721	0	-0.13607
"Gene858"	4	0.75214	0.75174	1	13035	0	-0.034645	0.91083	0.91061	1	15948	0	-0.034645
"Gene859"	4	0.9431	0.94295	1	16442	0	0.087678	0.68233	0.68161	1	11464	0	0.087678
"Gene860"	1	0.10233	0.1023	0.935646	3096	1	-0.28366	0.89767	0.89824	1	15667	0	-0.28366
"Gene861"	3	0.016959	0.036643	0.813658	937	1	-0.0085892	0.64928	0.6495	1	10837	0	-0.0085892
"Gene862"	4	0.30757	0.361	1	6134	1	-0.0075993	0.74257	0.74206	1	12623	0	-0.0075993
"Gene863"	4	0.6808	0.68007	1	11742	0	0.096116	0.068909	0.13147	1	2195	1	0.096116
"Gene864"	4	0.74691	0.74643	1	12935	0	0.054852	0.28649	0.36482	1	5622	1	0.054852
"Gene865"	4	0.30572	0.35974	1	6119	1	0.026398	0.067462	0.12949	1	2173	1	0.026398
"Gene866"	4	0.78269	0.78223	1	13585	0	0.0051952	0.9074	0.90715	1	15878	0	0.0051952
"Gene867"	4	0.98267	0.98274	1	17292	0	0.34137	0.00099074	0.0035741	0.148686	432	3	0.34137
"Gene868"	4	0.99575	0.99583	1	17639	0	0.34135	0.0081037	0.022636	0.481955	842	3	0.34135
"Gene869"	4	0.98407	0.98413	1	17320	0	0.098878	0.64516	0.64455	1	10762	0	0.098878
"Gene870"	4	0.83766	0.83703	1	14532	0	0.13938	0.047281	0.10173	0.987005	1841	2	0.13938
"Gene871"	4	0.61505	0.61433	1	10601	0	0.055275	0.058692	0.1174	1	2023	1	0.055275
"Gene872"	4	0.18164	0.28113	1	4803	1	-0.062012	0.56045	0.5639	1	9264	1	-0.062012
"Gene873"	4	0.72056	0.71992	1	12446	0	0.12541	0.54766	0.55275	1	9058	1	0.12541
"Gene874"	4	0.4532	0.46775	1	7989	1	-0.029039	0.83891	0.83823	1	14467	0	-0.029039
"Gene875"	4	0.64557	0.64497	1	11129	0	-0.033595	0.93394	0.9337	1	16422	0	-0.033595
"Gene876"	4	0.9813	0.98138	1	17260	0	0.17888	0.20333	0.31018	1	4770	2	0.17888
"Gene877"	4	0.00092519	0.0033662	0.381065	158	4	-0.21805	0.99907	0.99906	1	17964	0	-0.21805
"Gene878"	4	0.022825	0.057229	0.847651	1204	1	0.14793	0.18458	0.2856	1	4372	2	0.14793
"Gene879"	4	0.13977	0.22437	1	3873	2	-0.19741	0.55346	0.55778	1	9154	1	-0.19741
"Gene880"	4	0.70964	0.70887	1	12248	0	0.0061951	0.91656	0.91635	1	16050	0	0.0061951
"Gene881"	3	0.3666	0.37527	1	6862	1	-0.086313	0.33522	0.35559	1	6152	1	-0.086313
"Gene882"	4	0.17843	0.27673	1	4726	1	-0.027134	0.83598	0.83536	1	14421	0	-0.027134
"Gene883"	4	0.011486	0.030419	0.782531	687	2	-0.22677	0.97043	0.97036	1	17255	0	-0.22677
"Gene884"	4	0.026548	0.065744	0.865565	1354	3	-0.22383	0.91637	0.91616	1	16045	0	-0.22383
"Gene885"	4	0.93651	0.93633	1	16320	0	0.0068894	0.72035	0.7197	1	12172	0	0.0068894
"Gene886"	4	0.83615	0.83553	1	14512	0	0.17268	0.099159	0.17221	1	2703	2	0.17268
"Gene887"	4	0.42209	0.44341	1	7546	1	-0.01645	0.80296	0.8025	1	13748	0	-0.01645
"Gene888"	4	0.073719	0.13353	0.976858	2442	1	-0.15258	0.27971	0.36066	1	5555	1	-0.15258
"Gene889"	2	0.03543	0.064333	0.863058	1566	1	-0.8748	0.72327	0.72279	1	12231	0	-0.8748
"Gene890"	4	0.67402	0.67332	1	11624	0	-0.050645	0.37773	0.42365	1	6660	1	-0.050645
"Gene891"	4	0.77724	0.77672	1	13492	0	0.20854	0.025215	0.062885	0.825254	1359	2	0.20854
"Gene892"	4	0.94991	0.9498	1	16590	0	0.13054	0.27506	0.35789	1	5503	1	0.13054
"Gene893"	4	0.69	0.68932	1	11901	0	-0.011285	0.69518	0.69443	1	11705	0	-0.011285
"Gene894"	4	0.9547	0.95453	1	16687	0	0.091823	0.65538	0.65465	1	10949	0	0.091823
"Gene895"	4	0.26507	0.33323	1	5670	1	-0.21764	0.17794	0.27674	1	4225	1	-0.21764
"Gene896"	4	0.15428	0.24413	1	4198	1	0.010268	0.91274	0.91254	1	15985	0	0.010268
"Gene897"	4	0.9113	0.9111	1	15856	0	0.37982	0.0087858	0.024303	0.502631	867	3	0.37982
"Gene898"	4	0.11332	0.1883	1	3337	2	-0.16312	0.67366	0.67297	1	11291	0	-0.16312
"Gene899"	4	0.59624	0.59551	1	10276	0	0.10037	0.17272	0.2699	1	4119	2	0.10037
"Gene900"	4	0.55975	0.55978	1	9640	1	-0.034839	0.67952	0.67879	1	11403	0	-0.034839
"Gene901"	4	0.55914	0.55923	1	9630	1	-0.015214	0.74165	0.74113	1	12596	0	-0.015214
"Gene902"	4	0.1416	0.22684	1	3915	2	-0.13255	0.70214	0.70138	1	11841	0	-0.13255
"Gene903"	4	0.0023426	0.0077346	0.519139	267	2	-0.14458	0.87526	0.87478	1	15198	0	-0.14458
"Gene904"	4	0.88393	0.88346	1	15348	0	0.080267	0.587	0.58787	1	9700	1	0.080267
"Gene905"	4	0.16648	0.26058	1	4459	2	-0.21262	0.98238	0.98244	1	17547	0	-0.21262
"Gene906"	4	0.92133	0.92113	1	16046	0	0.31421	0.0099895	0.027254	0.543728	899	3	0.31421
"Gene907"	4	0.015939	0.041161	0.823434	889	2	-0.22442	0.94413	0.94399	1	16660	0	-0.22442
"Gene908"	4	0.3538	0.3928	1	6701	1	-0.047574	0.82046	0.81994	1	14109	0	-0.047574
"Gene909"	4	0.0085147	0.023148	0.721454	570	2	-0.39237	0.99524	0.99532	1	17829	0	-0.39237
"Gene910"	4	0.75126	0.75081	1	13021	0	-0.077309	0.59458	0.59499	1	9839	1	-0.077309
"Gene911"	4	0.75686	0.75641	1	13122	0	0.01475	0.57214	0.57427	1	9463	1	0.01475
"Gene912"	4	0.38384	0.41464	1	7069	1	-0.027905	0.47087	0.49081	1	7886	1	-0.027905
"Gene913"	4	0.017737	0.045394	0.82847	974	3	-0.3331	0.3919	0.43346	1	6838	1	-0.3331
"Gene914"	4	0.76351	0.76304	1	13242	0	-0.039955	0.8401	0.83942	1	14489	0	-0.039955
"Gene915"	4	0.059462	0.11338	0.956125	2119	2	-0.19821	0.81505	0.81461	1	14007	0	-0.19821
"Gene916"	4	0.050686	0.10092	0.935552	1927	2	-0.1714	0.86157	0.86114	1	14930	0	-0.1714
"Gene917"	4	0.47126	0.48237	1	8251	1	0.12568	0.15038	0.24044	1	3671	1	0.12568
"Gene918"	4	0.61953	0.61891	1	10682	0	-0.056614	0.62419	0.6236	1	10369	1	-0.056614
"Gene919"	4	0.0034701	0.010628	0.578626	326	1	-0.035708	0.78028	0.77979	1	13335	0	-0.035708
"Gene920"	4	0.50513	0.5108	1	8767	1	-0.046647	0.79002	0.7896	1	13503	0	-0.046647
"Gene921"	4	0.27404	0.33896	1	5764	1	0.047915	0.65311	0.65237	1	10910	0	0.047915
"Gene922"	4	0.41965	0.44152	1	7510	1	-0.10885	0.97504	0.97503	1	17353	0	-0.10885
"Gene923"	4	0.99727	0.9973	1	17700	0	0.22428	0.024821	0.062	0.823232	1342	3	0.22428
"Gene924"	4	0.97668	0.97671	1	17159	0	0.82882	0.00083238	0.003018	0.133554	403	3	0.82882
"Gene925"	4	0.70392	0.70315	1	12144	0	-0.068331	0.4243	0.4563	1	7253	1	-0.068331
"Gene926"	4	0.0065659	0.018394	0.696235	474	3	-0.3675	0.35831	0.41056	1	6434	1	-0.3675
"Gene927"	4	0.65943	0.65876	1	11374	0	-0.0083192	0.8071	0.80669	1	13849	0	-0.0083192
"Gene928"	4	0.10851	0.18172	1	3227	2	-0.14076	0.68417	0.68353	1	11489	0	-0.14076
"Gene929"	4	0.69908	0.69833	1	12056	0	0.35494	0.017415	0.044924	0.714	1125	3	0.35494
"Gene930"	4	0.20444	0.29559	1	5061	1	-0.14091	0.22153	0.32656	1	5011	1	-0.14091
"Gene931"	4	0.76414	0.76365	1	13253	0	0.030566	0.74591	0.74539	1	12690	0	0.030566
"Gene932"	4	0.63754	0.63687	1	11013	0	0.11525	0.20258	0.30925	1	4753	1	0.11525
"Gene933"	4	0.31568	0.36647	1	6231	1	-0.072157	0.63201	0.63143	1	10516	0	-0.072157
"Gene934"	4	0.81189	0.81145	1	14072	0	0.04912	0.35421	0.40781	1	6385	1	0.04912
"Gene935"	4	0.77625	0.77572	1	13475	0	-0.039011	0.70831	0.70758	1	11946	0	-0.039011
"Gene936"	4	0.33057	0.37663	1	6417	1	-0.0016555	0.89034	0.88994	1	15515	0	-0.0016555
"Gene937"	4	0.22041	0.30538	1	5225	1	-0.083036	0.9358	0.93558	1	16469	0	-0.083036
"Gene938"	4	0.25193	0.32492	1	5542	1	0.01136	0.83837	0.83772	1	14459	0	0.01136
"Gene939"	4	0.75467	0.75424	1	13086	0	-0.0054015	0.81345	0.81301	1	13974	0	-0.0054015
"Gene940"	4	0.44179	0.45874	1	7822	1	0.07656	0.56176	0.56505	1	9287	1	0.07656
"Gene941"	4	0.89662	0.89629	1	15572	0	0.087708	0.19339	0.29714	1	4564	1	0.087708
"Gene942"	4	0.092302	0.15922	0.998355	2854	1	0.03093	0.79773	0.79735	1	13648	0	0.03093
"Gene943"	4	0.9261	0.92588	1	16136	0	0.19912	0.20167	0.30803	1	4731	2	0.19912
"Gene944"	4	2.7621e-05	0.00010118	0.054586	33	4	-0.75804	0.99997	0.99997	1	18029	0	-0.75804
"Gene945"	4	0.51117	0.51596	1	8859	1	-0.043319	0.19574	0.30026	1	4614	1	-0.043319
"Gene946"	4	0.025432	0.063273	0.862133	1308	1	-0.027865	0.91463	0.91443	1	16015	0	-0.027865
"Gene947"	4	0.9287	0.92845	1	16182	0	0.26751	0.16443	0.25893	1	3946	2	0.26751
"Gene948"	3	0.1505	0.20614	1	4105	1	-0.13746	0.89221	0.89216	1	15560	0	-0.13746
"Gene949"	4	0.05939	0.11326	0.956038	2117	2	-0.20164	0.52867	0.53681	1	8755	1	-0.20164
"Gene950"	4	0.5638	0.56368	1	9713	1	0.68857	0.0022639	0.0081048	0.257626	565	3	0.68857
"Gene951"	4	0.019434	0.049441	0.838868	1050	2	-0.15936	0.99484	0.99493	1	17817	0	-0.15936
"Gene952"	4	0.14472	0.23115	1	3987	2	-0.17021	0.88747	0.88704	1	15450	0	-0.17021
"Gene953"	4	0.7337	0.7332	1	12704	0	-0.089842	0.80634	0.80592	1	13830	0	-0.089842
"Gene954"	4	0.47196	0.48296	1	8265	1	-0.12545	0.75229	0.75192	1	12802	0	-0.12545
"Gene955"	4	0.99999	0.99999	1	17971	0	0.55406	1.418e-05	5.0725e-05	0.008559	107	4	0.55406
"Gene956"	4	0.75944	0.75898	1	13160	0	0.039717	0.37674	0.42295	1	6645	1	0.039717
"Gene957"	4	0.58074	0.58013	1	10011	1	0.13256	0.63111	0.63053	1	10500	0	0.13256
"Gene958"	4	0.43461	0.45317	1	7725	1	-0.10328	0.1208	0.20117	1	3099	1	-0.10328
"Gene959"	4	0.25931	0.32961	1	5616	1	0.085109	0.091741	0.16227	1	2565	2	0.085109
"Gene960"	4	0.52905	0.5318	1	9145	1	-0.094858	0.96421	0.96414	1	17118	0	-0.094858
"Gene961"	4	0.031706	0.074077	0.891211	1477	2	-0.24845	0.72147	0.72085	1	12190	0	-0.24845
"Gene962"	4	0.87349	0.87303	1	15166	0	0.010941	0.76807	0.76761	1	13096	0	0.010941
"Gene963"	4	0.00039763	0.0014365	0.246451	104	4	-0.49174	0.9996	0.99962	1	17994	0	-0.49174
"Gene964"	4	0.83236	0.83172	1	14450	0	-0.03959	0.64829	0.64769	1	10822	0	-0.03959
"Gene965"	4	0.20234	0.29434	1	5036	1	-0.043454	0.52834	0.53655	1	8748	1	-0.043454
"Gene966"	4	0.27993	0.34274	1	5833	1	0.016021	0.73602	0.73545	1	12486	0	0.016021
"Gene967"	4	0.69033	0.68967	1	11908	0	-0.12286	0.86462	0.86421	1	14988	0	-0.12286
"Gene968"	4	0.22755	0.30972	1	5296	1	-0.032679	0.24243	0.33857	1	5203	1	-0.032679
"Gene969"	4	0.089145	0.15489	0.995259	2786	1	0.44269	0.0013308	0.004803	0.179912	480	3	0.44269
"Gene970"	4	0.33992	0.38305	1	6532	1	0.033805	0.56567	0.56854	1	9357	1	0.033805
"Gene971"	4	0.36677	0.40216	1	6863	1	0.0179	0.65589	0.65517	1	10962	0	0.0179
"Gene972"	4	0.54725	0.54812	1	9445	1	-0.15914	0.98401	0.98407	1	17589	0	-0.15914
"Gene973"	4	0.5119	0.51659	1	8873	1	-0.083274	0.58718	0.58804	1	9704	1	-0.083274
"Gene974"	1	0.44684	0.44715	1	7900	0	-0.033161	0.55316	0.55323	1	9147	0	-0.033161
"Gene975"	4	0.99929	0.99929	1	17826	0	0.2579	0.0007124	0.0025941	0.122289	380	4	0.2579
"Gene976"	4	0.9691	0.969	1	16968	0	0.12377	0.47416	0.49337	1	7933	1	0.12377
"Gene977"	4	0.68904	0.68839	1	11885	0	-0.10674	0.95689	0.95678	1	16962	0	-0.10674
"Gene978"	4	0.91955	0.91935	1	16013	0	0.18617	0.024454	0.061158	0.819781	1329	3	0.18617
"Gene979"	4	0.1673	0.26164	1	4475	1	-0.12779	0.76276	0.76232	1	12988	0	-0.12779
"Gene980"	4	0.31262	0.36447	1	6190	1	-0.038276	0.87435	0.87388	1	15177	0	-0.038276
"Gene981"	4	0.038445	0.083768	0.914524	1625	2	-0.25332	0.99415	0.99427	1	17802	0	-0.25332
"Gene982"	4	0.18047	0.27952	1	4776	1	0.074908	0.18806	0.29013	1	4452	2	0.074908
"Gene983"	4	0.044575	0.092408	0.9269	1773	1	0.020791	0.26606	0.35251	1	5419	1	0.020791
"Gene984"	4	0.31458	0.36575	1	6212	1	-0.16529	0.97591	0.97593	1	17377	0	-0.16529
"Gene985"	4	0.76728	0.7668	1	13317	0	-0.031456	0.64448	0.64387	1	10750	0	-0.031456
"Gene986"	4	0.0091142	0.024628	0.730145	602	3	-0.40094	0.61725	0.61669	1	10252	1	-0.40094
"Gene987"	3	0.14662	0.20336	1	4026	1	-0.20337	0.89885	0.89893	1	15691	0	-0.20337
"Gene988"	4	0.0013435	0.0048441	0.435126	197	4	-0.24096	0.99866	0.99867	1	17944	0	-0.24096
"Gene989"	4	0.71784	0.71717	1	12395	0	0.05319	0.52509	0.53387	1	8693	1	0.05319
"Gene990"	4	0.026827	0.06637	0.865565	1365	3	-0.24229	0.31755	0.38415	1	5933	1	-0.24229
"Gene991"	4	0.96066	0.96053	1	16795	0	0.11605	0.66989	0.66925	1	11220	0	0.11605
"Gene992"	4	0.70751	0.70676	1	12213	0	-0.038969	0.78916	0.78875	1	13489	0	-0.038969
"Gene993"	4	0.74139	0.74085	1	12842	0	0.13147	0.14478	0.23307	1	3558	2	0.13147
"Gene994"	4	0.46859	0.48022	1	8204	1	-0.13564	0.97962	0.97972	1	17475	0	-0.13564
"Gene995"	4	0.955	0.95483	1	16692	0	0.2169	0.0057204	0.016822	0.41025	736	3	0.2169
"Gene996"	4	0.90346	0.90312	1	15706	0	0.53386	0.010326	0.028052	0.550421	912	2	0.53386
"Gene997"	4	0.81836	0.8179	1	14180	0	0.044137	0.6241	0.62352	1	10368	1	0.044137
"Gene998"	4	0.042225	0.089104	0.923459	1714	1	0.036	0.3516	0.40608	1	6343	1	0.036
"Gene999"	4	0.95291	0.95276	1	16641	0	0.16232	0.51519	0.52569	1	8532	1	0.16232
"Gene1000"	4	0.55401	0.55447	1	9549	1	0.23285	0.1575	0.24985	1	3820	2	0.23285
